400.00000	9.62452565E-27
400.02000	1.42173683E-28
400.04000	5.89997812E-29
400.06000	4.65005398E-29
400.08000	5.24135172E-29
400.10000	7.41777753E-29
400.12000	1.73696700E-28
400.14000	3.29804736E-27
400.16000	6.32808113E-28
400.18000	2.05254679E-26
400.20000	7.83442619E-28
400.22000	9.21767244E-28
400.24000	4.98991525E-27
400.26000	2.03281960E-27
400.28000	8.48180805E-28
400.30000	2.26656997E-28
400.32000	4.79479481E-28
400.34000	3.76026192E-27
400.36000	1.80045896E-28
400.38000	6.64146243E-29
400.40000	3.72056528E-29
400.42000	2.64534512E-29
400.44000	1.99591927E-29
400.46000	1.60996376E-29
400.48000	1.30264107E-29
400.50000	1.22393041E-29
400.52000	1.17528123E-29
400.54000	1.13162821E-29
400.56000	1.19878157E-29
400.58000	1.24754715E-29
400.60000	1.38204222E-29
400.62000	1.75951500E-29
400.64000	2.37672973E-29
400.66000	3.38853287E-29
400.68000	5.67961042E-29
400.70000	1.19027992E-28
400.72000	4.26711778E-28
400.74000	3.42996397E-26
400.76000	5.30126999E-28
400.78000	2.43520603E-28
400.80000	8.08809899E-28
400.82000	2.07991452E-26
400.84000	3.67907295E-28
400.86000	1.07325557E-28
400.88000	5.44008237E-29
400.90000	3.51979849E-29
400.92000	2.71767278E-29
400.94000	2.56290738E-29
400.96000	3.31872135E-29
400.98000	8.03746787E-29
401.00000	2.11787993E-27
401.02000	1.73113785E-28
401.04000	3.79279950E-29
401.06000	1.79844363E-29
401.08000	1.04265205E-29
401.10000	7.48240406E-30
401.12000	5.90743317E-30
401.14000	4.44728601E-30
401.16000	3.05755497E-30
401.18000	2.94751675E-30
401.20000	3.02840872E-30
401.22000	3.30257165E-30
401.24000	3.81511373E-30
401.26000	4.67295773E-30
401.28000	6.10114447E-30
401.30000	8.59660710E-30
401.32000	1.34047413E-29
401.34000	2.40142386E-29
401.36000	5.85940974E-29
401.38000	3.04776366E-28
401.40000	3.47920077E-27
401.42000	1.23979757E-28
401.44000	3.75519614E-29
401.46000	1.78664889E-29
401.48000	1.04074194E-29
401.50000	6.80409556E-30
401.52000	4.79334683E-30
401.54000	3.55822927E-30
401.56000	2.74562666E-30
401.58000	2.18269114E-30
401.60000	1.77670768E-30
401.62000	1.47432031E-30
401.64000	1.24305997E-30
401.66000	1.06224902E-30
401.68000	9.18212310E-31
401.70000	8.01612912E-31
401.72000	0.00000000E+00
401.74000	0.00000000E+00
401.76000	0.00000000E+00
401.78000	0.00000000E+00
401.80000	0.00000000E+00
401.82000	0.00000000E+00
401.84000	0.00000000E+00
401.86000	0.00000000E+00
401.88000	0.00000000E+00
401.90000	0.00000000E+00
401.92000	0.00000000E+00
401.94000	0.00000000E+00
401.96000	0.00000000E+00
401.98000	0.00000000E+00
402.00000	0.00000000E+00
402.02000	0.00000000E+00
402.04000	0.00000000E+00
402.06000	0.00000000E+00
402.08000	0.00000000E+00
402.10000	0.00000000E+00
402.12000	0.00000000E+00
402.14000	0.00000000E+00
402.16000	0.00000000E+00
402.18000	0.00000000E+00
402.20000	0.00000000E+00
402.22000	0.00000000E+00
402.24000	0.00000000E+00
402.26000	0.00000000E+00
402.28000	0.00000000E+00
402.30000	0.00000000E+00
402.32000	0.00000000E+00
402.34000	0.00000000E+00
402.36000	0.00000000E+00
402.38000	0.00000000E+00
402.40000	0.00000000E+00
402.42000	0.00000000E+00
402.44000	0.00000000E+00
402.46000	0.00000000E+00
402.48000	0.00000000E+00
402.50000	0.00000000E+00
402.52000	0.00000000E+00
402.54000	0.00000000E+00
402.56000	0.00000000E+00
402.58000	0.00000000E+00
402.60000	0.00000000E+00
402.62000	0.00000000E+00
402.64000	0.00000000E+00
402.66000	0.00000000E+00
402.68000	0.00000000E+00
402.70000	0.00000000E+00
402.72000	0.00000000E+00
402.74000	0.00000000E+00
402.76000	0.00000000E+00
402.78000	0.00000000E+00
402.80000	0.00000000E+00
402.82000	0.00000000E+00
402.84000	0.00000000E+00
402.86000	0.00000000E+00
402.88000	0.00000000E+00
402.90000	0.00000000E+00
402.92000	0.00000000E+00
402.94000	0.00000000E+00
402.96000	0.00000000E+00
402.98000	0.00000000E+00
403.00000	0.00000000E+00
403.02000	0.00000000E+00
403.04000	0.00000000E+00
403.06000	0.00000000E+00
403.08000	0.00000000E+00
403.10000	0.00000000E+00
403.12000	0.00000000E+00
403.14000	0.00000000E+00
403.16000	0.00000000E+00
403.18000	0.00000000E+00
403.20000	0.00000000E+00
403.22000	0.00000000E+00
403.24000	0.00000000E+00
403.26000	0.00000000E+00
403.28000	0.00000000E+00
403.30000	0.00000000E+00
403.32000	0.00000000E+00
403.34000	0.00000000E+00
403.36000	0.00000000E+00
403.38000	0.00000000E+00
403.40000	0.00000000E+00
403.42000	0.00000000E+00
403.44000	0.00000000E+00
403.46000	0.00000000E+00
403.48000	0.00000000E+00
403.50000	0.00000000E+00
403.52000	0.00000000E+00
403.54000	0.00000000E+00
403.56000	0.00000000E+00
403.58000	0.00000000E+00
403.60000	0.00000000E+00
403.62000	0.00000000E+00
403.64000	0.00000000E+00
403.66000	0.00000000E+00
403.68000	0.00000000E+00
403.70000	0.00000000E+00
403.72000	0.00000000E+00
403.74000	0.00000000E+00
403.76000	0.00000000E+00
403.78000	0.00000000E+00
403.80000	0.00000000E+00
403.82000	0.00000000E+00
403.84000	0.00000000E+00
403.86000	0.00000000E+00
403.88000	0.00000000E+00
403.90000	0.00000000E+00
403.92000	0.00000000E+00
403.94000	0.00000000E+00
403.96000	0.00000000E+00
403.98000	0.00000000E+00
404.00000	0.00000000E+00
404.02000	0.00000000E+00
404.04000	0.00000000E+00
404.06000	0.00000000E+00
404.08000	0.00000000E+00
404.10000	0.00000000E+00
404.12000	0.00000000E+00
404.14000	0.00000000E+00
404.16000	0.00000000E+00
404.18000	0.00000000E+00
404.20000	0.00000000E+00
404.22000	0.00000000E+00
404.24000	0.00000000E+00
404.26000	0.00000000E+00
404.28000	0.00000000E+00
404.30000	0.00000000E+00
404.32000	0.00000000E+00
404.34000	0.00000000E+00
404.36000	0.00000000E+00
404.38000	0.00000000E+00
404.40000	0.00000000E+00
404.42000	0.00000000E+00
404.44000	0.00000000E+00
404.46000	0.00000000E+00
404.48000	0.00000000E+00
404.50000	0.00000000E+00
404.52000	0.00000000E+00
404.54000	0.00000000E+00
404.56000	0.00000000E+00
404.58000	0.00000000E+00
404.60000	0.00000000E+00
404.62000	0.00000000E+00
404.64000	0.00000000E+00
404.66000	0.00000000E+00
404.68000	0.00000000E+00
404.70000	0.00000000E+00
404.72000	0.00000000E+00
404.74000	0.00000000E+00
404.76000	0.00000000E+00
404.78000	0.00000000E+00
404.80000	0.00000000E+00
404.82000	0.00000000E+00
404.84000	0.00000000E+00
404.86000	0.00000000E+00
404.88000	0.00000000E+00
404.90000	0.00000000E+00
404.92000	0.00000000E+00
404.94000	0.00000000E+00
404.96000	0.00000000E+00
404.98000	0.00000000E+00
405.00000	0.00000000E+00
405.02000	0.00000000E+00
405.04000	0.00000000E+00
405.06000	0.00000000E+00
405.08000	0.00000000E+00
405.10000	0.00000000E+00
405.12000	0.00000000E+00
405.14000	0.00000000E+00
405.16000	0.00000000E+00
405.18000	0.00000000E+00
405.20000	0.00000000E+00
405.22000	0.00000000E+00
405.24000	0.00000000E+00
405.26000	0.00000000E+00
405.28000	0.00000000E+00
405.30000	0.00000000E+00
405.32000	0.00000000E+00
405.34000	0.00000000E+00
405.36000	0.00000000E+00
405.38000	0.00000000E+00
405.40000	0.00000000E+00
405.42000	0.00000000E+00
405.44000	0.00000000E+00
405.46000	0.00000000E+00
405.48000	0.00000000E+00
405.50000	0.00000000E+00
405.52000	0.00000000E+00
405.54000	0.00000000E+00
405.56000	0.00000000E+00
405.58000	0.00000000E+00
405.60000	0.00000000E+00
405.62000	0.00000000E+00
405.64000	0.00000000E+00
405.66000	0.00000000E+00
405.68000	0.00000000E+00
405.70000	0.00000000E+00
405.72000	0.00000000E+00
405.74000	0.00000000E+00
405.76000	0.00000000E+00
405.78000	0.00000000E+00
405.80000	0.00000000E+00
405.82000	0.00000000E+00
405.84000	0.00000000E+00
405.86000	0.00000000E+00
405.88000	0.00000000E+00
405.90000	0.00000000E+00
405.92000	0.00000000E+00
405.94000	0.00000000E+00
405.96000	0.00000000E+00
405.98000	0.00000000E+00
406.00000	0.00000000E+00
406.02000	0.00000000E+00
406.04000	0.00000000E+00
406.06000	0.00000000E+00
406.08000	0.00000000E+00
406.10000	0.00000000E+00
406.12000	0.00000000E+00
406.14000	0.00000000E+00
406.16000	0.00000000E+00
406.18000	0.00000000E+00
406.20000	0.00000000E+00
406.22000	0.00000000E+00
406.24000	0.00000000E+00
406.26000	0.00000000E+00
406.28000	0.00000000E+00
406.30000	0.00000000E+00
406.32000	0.00000000E+00
406.34000	0.00000000E+00
406.36000	0.00000000E+00
406.38000	0.00000000E+00
406.40000	0.00000000E+00
406.42000	0.00000000E+00
406.44000	0.00000000E+00
406.46000	0.00000000E+00
406.48000	0.00000000E+00
406.50000	0.00000000E+00
406.52000	0.00000000E+00
406.54000	0.00000000E+00
406.56000	0.00000000E+00
406.58000	0.00000000E+00
406.60000	0.00000000E+00
406.62000	0.00000000E+00
406.64000	0.00000000E+00
406.66000	0.00000000E+00
406.68000	0.00000000E+00
406.70000	0.00000000E+00
406.72000	0.00000000E+00
406.74000	0.00000000E+00
406.76000	0.00000000E+00
406.78000	0.00000000E+00
406.80000	0.00000000E+00
406.82000	0.00000000E+00
406.84000	0.00000000E+00
406.86000	0.00000000E+00
406.88000	0.00000000E+00
406.90000	0.00000000E+00
406.92000	0.00000000E+00
406.94000	0.00000000E+00
406.96000	0.00000000E+00
406.98000	0.00000000E+00
407.00000	0.00000000E+00
407.02000	0.00000000E+00
407.04000	0.00000000E+00
407.06000	0.00000000E+00
407.08000	0.00000000E+00
407.10000	0.00000000E+00
407.12000	0.00000000E+00
407.14000	0.00000000E+00
407.16000	0.00000000E+00
407.18000	0.00000000E+00
407.20000	0.00000000E+00
407.22000	0.00000000E+00
407.24000	0.00000000E+00
407.26000	0.00000000E+00
407.28000	0.00000000E+00
407.30000	0.00000000E+00
407.32000	0.00000000E+00
407.34000	0.00000000E+00
407.36000	0.00000000E+00
407.38000	0.00000000E+00
407.40000	0.00000000E+00
407.42000	0.00000000E+00
407.44000	0.00000000E+00
407.46000	0.00000000E+00
407.48000	0.00000000E+00
407.50000	0.00000000E+00
407.52000	0.00000000E+00
407.54000	0.00000000E+00
407.56000	0.00000000E+00
407.58000	0.00000000E+00
407.60000	0.00000000E+00
407.62000	0.00000000E+00
407.64000	0.00000000E+00
407.66000	0.00000000E+00
407.68000	0.00000000E+00
407.70000	0.00000000E+00
407.72000	0.00000000E+00
407.74000	0.00000000E+00
407.76000	0.00000000E+00
407.78000	0.00000000E+00
407.80000	0.00000000E+00
407.82000	0.00000000E+00
407.84000	0.00000000E+00
407.86000	0.00000000E+00
407.88000	0.00000000E+00
407.90000	0.00000000E+00
407.92000	0.00000000E+00
407.94000	0.00000000E+00
407.96000	0.00000000E+00
407.98000	0.00000000E+00
408.00000	0.00000000E+00
408.02000	0.00000000E+00
408.04000	0.00000000E+00
408.06000	0.00000000E+00
408.08000	0.00000000E+00
408.10000	0.00000000E+00
408.12000	0.00000000E+00
408.14000	0.00000000E+00
408.16000	0.00000000E+00
408.18000	0.00000000E+00
408.20000	0.00000000E+00
408.22000	0.00000000E+00
408.24000	0.00000000E+00
408.26000	0.00000000E+00
408.28000	0.00000000E+00
408.30000	0.00000000E+00
408.32000	0.00000000E+00
408.34000	0.00000000E+00
408.36000	0.00000000E+00
408.38000	0.00000000E+00
408.40000	0.00000000E+00
408.42000	0.00000000E+00
408.44000	0.00000000E+00
408.46000	0.00000000E+00
408.48000	0.00000000E+00
408.50000	0.00000000E+00
408.52000	0.00000000E+00
408.54000	0.00000000E+00
408.56000	0.00000000E+00
408.58000	0.00000000E+00
408.60000	0.00000000E+00
408.62000	0.00000000E+00
408.64000	0.00000000E+00
408.66000	0.00000000E+00
408.68000	0.00000000E+00
408.70000	0.00000000E+00
408.72000	0.00000000E+00
408.74000	0.00000000E+00
408.76000	0.00000000E+00
408.78000	0.00000000E+00
408.80000	0.00000000E+00
408.82000	0.00000000E+00
408.84000	0.00000000E+00
408.86000	0.00000000E+00
408.88000	0.00000000E+00
408.90000	0.00000000E+00
408.92000	0.00000000E+00
408.94000	0.00000000E+00
408.96000	0.00000000E+00
408.98000	0.00000000E+00
409.00000	0.00000000E+00
409.02000	0.00000000E+00
409.04000	0.00000000E+00
409.06000	0.00000000E+00
409.08000	0.00000000E+00
409.10000	0.00000000E+00
409.12000	0.00000000E+00
409.14000	0.00000000E+00
409.16000	0.00000000E+00
409.18000	0.00000000E+00
409.20000	0.00000000E+00
409.22000	0.00000000E+00
409.24000	0.00000000E+00
409.26000	0.00000000E+00
409.28000	0.00000000E+00
409.30000	0.00000000E+00
409.32000	0.00000000E+00
409.34000	0.00000000E+00
409.36000	0.00000000E+00
409.38000	0.00000000E+00
409.40000	0.00000000E+00
409.42000	0.00000000E+00
409.44000	0.00000000E+00
409.46000	0.00000000E+00
409.48000	0.00000000E+00
409.50000	0.00000000E+00
409.52000	0.00000000E+00
409.54000	0.00000000E+00
409.56000	0.00000000E+00
409.58000	0.00000000E+00
409.60000	0.00000000E+00
409.62000	0.00000000E+00
409.64000	0.00000000E+00
409.66000	0.00000000E+00
409.68000	0.00000000E+00
409.70000	0.00000000E+00
409.72000	0.00000000E+00
409.74000	0.00000000E+00
409.76000	0.00000000E+00
409.78000	0.00000000E+00
409.80000	0.00000000E+00
409.82000	0.00000000E+00
409.84000	0.00000000E+00
409.86000	0.00000000E+00
409.88000	0.00000000E+00
409.90000	0.00000000E+00
409.92000	0.00000000E+00
409.94000	0.00000000E+00
409.96000	0.00000000E+00
409.98000	0.00000000E+00
410.00000	0.00000000E+00
410.02000	0.00000000E+00
410.04000	0.00000000E+00
410.06000	0.00000000E+00
410.08000	0.00000000E+00
410.10000	0.00000000E+00
410.12000	0.00000000E+00
410.14000	0.00000000E+00
410.16000	0.00000000E+00
410.18000	0.00000000E+00
410.20000	0.00000000E+00
410.22000	0.00000000E+00
410.24000	0.00000000E+00
410.26000	0.00000000E+00
410.28000	0.00000000E+00
410.30000	0.00000000E+00
410.32000	0.00000000E+00
410.34000	0.00000000E+00
410.36000	0.00000000E+00
410.38000	0.00000000E+00
410.40000	0.00000000E+00
410.42000	0.00000000E+00
410.44000	0.00000000E+00
410.46000	0.00000000E+00
410.48000	0.00000000E+00
410.50000	0.00000000E+00
410.52000	0.00000000E+00
410.54000	0.00000000E+00
410.56000	0.00000000E+00
410.58000	0.00000000E+00
410.60000	0.00000000E+00
410.62000	0.00000000E+00
410.64000	0.00000000E+00
410.66000	0.00000000E+00
410.68000	0.00000000E+00
410.70000	0.00000000E+00
410.72000	0.00000000E+00
410.74000	0.00000000E+00
410.76000	0.00000000E+00
410.78000	0.00000000E+00
410.80000	0.00000000E+00
410.82000	0.00000000E+00
410.84000	0.00000000E+00
410.86000	0.00000000E+00
410.88000	0.00000000E+00
410.90000	0.00000000E+00
410.92000	0.00000000E+00
410.94000	0.00000000E+00
410.96000	0.00000000E+00
410.98000	0.00000000E+00
411.00000	0.00000000E+00
411.02000	0.00000000E+00
411.04000	0.00000000E+00
411.06000	0.00000000E+00
411.08000	0.00000000E+00
411.10000	0.00000000E+00
411.12000	0.00000000E+00
411.14000	0.00000000E+00
411.16000	0.00000000E+00
411.18000	0.00000000E+00
411.20000	0.00000000E+00
411.22000	0.00000000E+00
411.24000	0.00000000E+00
411.26000	0.00000000E+00
411.28000	0.00000000E+00
411.30000	0.00000000E+00
411.32000	0.00000000E+00
411.34000	0.00000000E+00
411.36000	0.00000000E+00
411.38000	0.00000000E+00
411.40000	0.00000000E+00
411.42000	0.00000000E+00
411.44000	0.00000000E+00
411.46000	0.00000000E+00
411.48000	0.00000000E+00
411.50000	0.00000000E+00
411.52000	0.00000000E+00
411.54000	0.00000000E+00
411.56000	0.00000000E+00
411.58000	0.00000000E+00
411.60000	0.00000000E+00
411.62000	0.00000000E+00
411.64000	0.00000000E+00
411.66000	0.00000000E+00
411.68000	0.00000000E+00
411.70000	0.00000000E+00
411.72000	0.00000000E+00
411.74000	0.00000000E+00
411.76000	0.00000000E+00
411.78000	0.00000000E+00
411.80000	0.00000000E+00
411.82000	0.00000000E+00
411.84000	0.00000000E+00
411.86000	0.00000000E+00
411.88000	0.00000000E+00
411.90000	0.00000000E+00
411.92000	0.00000000E+00
411.94000	0.00000000E+00
411.96000	0.00000000E+00
411.98000	0.00000000E+00
412.00000	0.00000000E+00
412.02000	0.00000000E+00
412.04000	0.00000000E+00
412.06000	0.00000000E+00
412.08000	0.00000000E+00
412.10000	0.00000000E+00
412.12000	0.00000000E+00
412.14000	0.00000000E+00
412.16000	0.00000000E+00
412.18000	0.00000000E+00
412.20000	0.00000000E+00
412.22000	0.00000000E+00
412.24000	0.00000000E+00
412.26000	0.00000000E+00
412.28000	0.00000000E+00
412.30000	0.00000000E+00
412.32000	0.00000000E+00
412.34000	0.00000000E+00
412.36000	0.00000000E+00
412.38000	0.00000000E+00
412.40000	0.00000000E+00
412.42000	0.00000000E+00
412.44000	0.00000000E+00
412.46000	0.00000000E+00
412.48000	0.00000000E+00
412.50000	0.00000000E+00
412.52000	0.00000000E+00
412.54000	0.00000000E+00
412.56000	0.00000000E+00
412.58000	0.00000000E+00
412.60000	0.00000000E+00
412.62000	0.00000000E+00
412.64000	0.00000000E+00
412.66000	0.00000000E+00
412.68000	0.00000000E+00
412.70000	0.00000000E+00
412.72000	0.00000000E+00
412.74000	0.00000000E+00
412.76000	0.00000000E+00
412.78000	0.00000000E+00
412.80000	0.00000000E+00
412.82000	0.00000000E+00
412.84000	0.00000000E+00
412.86000	0.00000000E+00
412.88000	0.00000000E+00
412.90000	0.00000000E+00
412.92000	0.00000000E+00
412.94000	0.00000000E+00
412.96000	0.00000000E+00
412.98000	0.00000000E+00
413.00000	0.00000000E+00
413.02000	0.00000000E+00
413.04000	0.00000000E+00
413.06000	0.00000000E+00
413.08000	0.00000000E+00
413.10000	0.00000000E+00
413.12000	0.00000000E+00
413.14000	0.00000000E+00
413.16000	0.00000000E+00
413.18000	0.00000000E+00
413.20000	0.00000000E+00
413.22000	0.00000000E+00
413.24000	0.00000000E+00
413.26000	0.00000000E+00
413.28000	0.00000000E+00
413.30000	0.00000000E+00
413.32000	0.00000000E+00
413.34000	0.00000000E+00
413.36000	0.00000000E+00
413.38000	0.00000000E+00
413.40000	0.00000000E+00
413.42000	0.00000000E+00
413.44000	0.00000000E+00
413.46000	0.00000000E+00
413.48000	0.00000000E+00
413.50000	0.00000000E+00
413.52000	0.00000000E+00
413.54000	0.00000000E+00
413.56000	0.00000000E+00
413.58000	0.00000000E+00
413.60000	0.00000000E+00
413.62000	0.00000000E+00
413.64000	0.00000000E+00
413.66000	0.00000000E+00
413.68000	0.00000000E+00
413.70000	0.00000000E+00
413.72000	0.00000000E+00
413.74000	0.00000000E+00
413.76000	0.00000000E+00
413.78000	0.00000000E+00
413.80000	0.00000000E+00
413.82000	0.00000000E+00
413.84000	0.00000000E+00
413.86000	0.00000000E+00
413.88000	0.00000000E+00
413.90000	0.00000000E+00
413.92000	0.00000000E+00
413.94000	0.00000000E+00
413.96000	0.00000000E+00
413.98000	0.00000000E+00
414.00000	0.00000000E+00
414.02000	0.00000000E+00
414.04000	0.00000000E+00
414.06000	0.00000000E+00
414.08000	0.00000000E+00
414.10000	0.00000000E+00
414.12000	0.00000000E+00
414.14000	0.00000000E+00
414.16000	0.00000000E+00
414.18000	0.00000000E+00
414.20000	0.00000000E+00
414.22000	0.00000000E+00
414.24000	0.00000000E+00
414.26000	0.00000000E+00
414.28000	0.00000000E+00
414.30000	0.00000000E+00
414.32000	0.00000000E+00
414.34000	0.00000000E+00
414.36000	0.00000000E+00
414.38000	0.00000000E+00
414.40000	0.00000000E+00
414.42000	0.00000000E+00
414.44000	0.00000000E+00
414.46000	0.00000000E+00
414.48000	0.00000000E+00
414.50000	0.00000000E+00
414.52000	0.00000000E+00
414.54000	0.00000000E+00
414.56000	0.00000000E+00
414.58000	0.00000000E+00
414.60000	0.00000000E+00
414.62000	0.00000000E+00
414.64000	0.00000000E+00
414.66000	0.00000000E+00
414.68000	2.18950402E-31
414.70000	2.47625949E-31
414.72000	6.14148844E-31
414.74000	7.00582869E-31
414.76000	8.06719931E-31
414.78000	9.39073297E-31
414.80000	1.10710742E-30
414.82000	1.32501474E-30
414.84000	1.61489087E-30
414.86000	2.01273869E-30
414.88000	2.58064003E-30
414.90000	3.43370252E-30
414.92000	4.80703514E-30
414.94000	7.25107355E-30
414.96000	1.23545488E-29
414.98000	2.67546736E-29
415.00000	1.18322585E-28
415.02000	1.24005824E-27
415.04000	2.85094548E-28
415.06000	6.30505579E-28
415.08000	5.36602367E-29
415.10000	1.95591403E-29
415.12000	1.02565832E-29
415.14000	6.35880128E-30
415.16000	4.34343132E-30
415.18000	3.16131069E-30
415.20000	2.40677929E-30
415.22000	1.89497313E-30
415.24000	1.53147757E-30
415.26000	1.26384303E-30
415.28000	1.06098248E-30
415.30000	9.03495757E-31
415.32000	7.78755933E-31
415.34000	1.07244956E-30
415.36000	1.04190942E-30
415.38000	8.50491037E-31
415.40000	5.84916063E-31
415.42000	6.80214119E-31
415.44000	8.00837713E-31
415.46000	9.56623663E-31
415.48000	1.16269302E-30
415.50000	1.62427132E-30
415.52000	2.04407031E-30
415.54000	2.65722525E-30
415.56000	3.60674821E-30
415.58000	5.19919128E-30
415.60000	8.19547363E-30
415.62000	1.56864633E-29
415.64000	3.69622463E-29
415.66000	1.90269064E-28
415.68000	1.86599629E-27
415.70000	7.50366689E-29
415.72000	2.56158600E-29
415.74000	1.51305436E-29
415.76000	1.26684697E-29
415.78000	1.46867808E-29
415.80000	2.64580670E-29
415.82000	1.45524664E-28
415.84000	3.33705686E-28
415.86000	3.88180232E-29
415.88000	2.91615035E-29
415.90000	4.36642839E-29
415.92000	1.18734812E-28
415.94000	1.90537404E-27
415.96000	4.23714081E-28
415.98000	7.73172862E-29
416.00000	4.01659726E-29
416.02000	4.23612126E-29
416.04000	1.38712727E-28
416.06000	1.94497495E-27
416.08000	6.60090405E-29
416.10000	2.62959336E-29
416.12000	1.99531901E-29
416.14000	2.38962499E-29
416.16000	4.72206351E-29
416.18000	2.43485294E-28
416.20000	1.53829527E-27
416.22000	7.86620395E-29
416.24000	2.64037947E-29
416.26000	1.37147348E-29
416.28000	9.14680776E-30
416.30000	6.53808610E-30
416.32000	5.35990264E-30
416.34000	4.95781294E-30
416.36000	4.74124938E-30
416.38000	4.80432345E-30
416.40000	6.07914464E-30
416.42000	6.57969823E-30
416.44000	8.63288296E-30
416.46000	1.20845862E-29
416.48000	1.54320462E-29
416.50000	2.11867658E-29
416.52000	3.29271706E-29
416.54000	6.69532616E-29
416.56000	3.46617668E-28
416.58000	8.14069408E-28
416.60000	5.68411371E-28
416.62000	5.09698199E-28
416.64000	1.62801377E-27
416.66000	3.97404694E-28
416.68000	9.35541032E-28
416.70000	1.71067215E-28
416.72000	4.21228772E-28
416.74000	1.57446504E-26
416.76000	6.82650188E-28
416.78000	2.10418795E-26
416.80000	9.22176823E-27
416.82000	3.46296622E-28
416.84000	1.41048967E-28
416.86000	1.03008398E-28
416.88000	1.43957529E-28
416.90000	1.22640140E-27
416.92000	5.05331921E-28
416.94000	2.50904757E-28
416.96000	1.33322880E-27
416.98000	6.67296258E-28
417.00000	2.00760914E-27
417.02000	1.57134182E-28
417.04000	5.92200698E-29
417.06000	3.31775044E-29
417.08000	2.20051271E-29
417.10000	1.52369901E-29
417.12000	1.17442984E-29
417.14000	7.91535374E-30
417.16000	6.00870685E-30
417.18000	5.10156959E-30
417.20000	4.48826497E-30
417.22000	4.09946838E-30
417.24000	3.90662508E-30
417.26000	3.36170932E-30
417.28000	3.68770668E-30
417.30000	4.40451697E-30
417.32000	5.63060356E-30
417.34000	8.86083776E-30
417.36000	1.67695380E-29
417.38000	5.51464889E-29
417.40000	1.47377413E-27
417.42000	1.49982569E-28
417.44000	2.89041915E-29
417.46000	1.31598277E-29
417.48000	8.34412080E-30
417.50000	6.49742858E-30
417.52000	5.83771175E-30
417.54000	5.83237172E-30
417.56000	6.32877582E-30
417.58000	7.35586377E-30
417.60000	9.10669910E-30
417.62000	1.20424052E-29
417.64000	1.72417102E-29
417.66000	2.76075595E-29
417.68000	5.34544138E-29
417.70000	1.60764817E-28
417.72000	6.96071952E-27
417.74000	4.15796139E-27
417.76000	3.12720884E-28
417.78000	2.21158280E-28
417.80000	1.90075876E-27
417.82000	8.19444960E-29
417.84000	3.15173161E-29
417.86000	1.80797881E-29
417.88000	1.22984733E-29
417.90000	9.24371063E-30
417.92000	7.46452209E-30
417.94000	6.39795659E-30
417.96000	5.79352496E-30
417.98000	5.53988709E-30
418.00000	5.60615997E-30
418.02000	6.02925750E-30
418.04000	7.66031256E-30
418.06000	9.43482513E-30
418.08000	1.21816560E-29
418.10000	1.82073938E-29
418.12000	3.38616586E-29
418.14000	8.90346476E-29
418.16000	8.63564006E-28
418.18000	2.24763488E-27
418.20000	1.19822985E-28
418.22000	4.19249058E-29
418.24000	2.35802100E-29
418.26000	1.77050768E-29
418.28000	1.70328784E-29
418.30000	2.10033203E-29
418.32000	3.43039819E-29
418.34000	8.46204519E-29
418.36000	6.24649341E-28
418.38000	1.01305578E-27
418.40000	9.77878288E-29
418.42000	3.49084184E-29
418.44000	1.80619746E-29
418.46000	1.11630525E-29
418.48000	7.65396693E-30
418.50000	5.61538810E-30
418.52000	4.09052297E-30
418.54000	3.98465643E-30
418.56000	3.57514804E-30
418.58000	3.35055937E-30
418.60000	3.26887423E-30
418.62000	3.31148379E-30
418.64000	3.47662821E-30
418.66000	3.77804348E-30
418.68000	4.24788654E-30
418.70000	4.94514979E-30
418.72000	5.97376837E-30
418.74000	7.39151340E-30
418.76000	1.02090292E-29
418.78000	1.44163860E-29
418.80000	2.20501489E-29
418.82000	3.82656340E-29
418.84000	8.34873438E-29
418.86000	3.14281269E-28
418.88000	2.31417007E-26
418.90000	3.79746209E-28
418.92000	9.32483974E-29
418.94000	4.38775626E-29
418.96000	2.77652354E-29
418.98000	2.18773632E-29
419.00000	2.12003015E-29
419.02000	2.57642272E-29
419.04000	4.15209199E-29
419.06000	1.05552881E-28
419.08000	1.22321661E-27
419.10000	1.91008534E-27
419.12000	1.08974729E-28
419.14000	4.12896943E-29
419.16000	2.46259624E-29
419.18000	1.94309526E-29
419.20000	1.97692669E-29
419.22000	2.69119971E-29
419.24000	5.42987846E-29
419.26000	2.83696823E-28
419.28000	1.82511316E-27
419.30000	9.40277569E-29
419.32000	3.22046119E-29
419.34000	1.80158383E-29
419.36000	1.35058804E-29
419.38000	1.32278228E-29
419.40000	1.77653186E-29
419.42000	3.76556346E-29
419.44000	2.29263536E-28
419.46000	7.01170483E-28
419.48000	5.03964309E-29
419.50000	1.74648097E-29
419.52000	9.03139144E-30
419.54000	5.62285891E-30
419.56000	3.89237221E-30
419.58000	2.88375860E-30
419.60000	2.23892414E-30
419.62000	1.79851089E-30
419.64000	1.03946163E-30
419.66000	8.48630742E-31
419.68000	7.05916666E-31
419.70000	5.96403500E-31
419.72000	5.10537312E-31
419.74000	4.41969010E-31
419.76000	3.86345758E-31
419.78000	3.40602540E-31
419.80000	3.02530591E-31
419.82000	0.00000000E+00
419.84000	0.00000000E+00
419.86000	0.00000000E+00
419.88000	0.00000000E+00
419.90000	0.00000000E+00
419.92000	0.00000000E+00
419.94000	0.00000000E+00
419.96000	0.00000000E+00
419.98000	7.02167988E-31
420.00000	7.92266605E-31
420.02000	9.00876876E-31
420.04000	1.03343951E-30
420.06000	1.19755130E-30
420.08000	1.40407794E-30
420.10000	1.66899948E-30
420.12000	2.01659636E-30
420.14000	2.48521625E-30
420.16000	3.13832001E-30
420.18000	4.08714927E-30
420.20000	5.54141995E-30
420.22000	7.93596736E-30
420.24000	1.22978855E-29
420.26000	2.15633373E-29
420.28000	4.71999064E-29
420.30000	1.74015216E-28
420.32000	1.25673725E-26
420.34000	2.43864903E-28
420.36000	5.59014405E-29
420.38000	2.41462523E-29
420.40000	1.33914457E-29
420.42000	8.49859284E-30
420.44000	5.86897466E-30
420.46000	4.29489280E-30
420.48000	3.27863192E-30
420.50000	2.58467065E-30
420.52000	2.08983980E-30
420.54000	1.72464416E-30
420.56000	1.44745817E-30
420.58000	1.23211540E-30
420.60000	1.06149776E-30
420.62000	9.24024902E-31
420.64000	8.11635633E-31
420.66000	7.18578466E-31
420.68000	0.00000000E+00
420.70000	0.00000000E+00
420.72000	0.00000000E+00
420.74000	0.00000000E+00
420.76000	0.00000000E+00
420.78000	0.00000000E+00
420.80000	0.00000000E+00
420.82000	0.00000000E+00
420.84000	0.00000000E+00
420.86000	0.00000000E+00
420.88000	0.00000000E+00
420.90000	0.00000000E+00
420.92000	0.00000000E+00
420.94000	0.00000000E+00
420.96000	0.00000000E+00
420.98000	0.00000000E+00
421.00000	0.00000000E+00
421.02000	0.00000000E+00
421.04000	0.00000000E+00
421.06000	0.00000000E+00
421.08000	0.00000000E+00
421.10000	0.00000000E+00
421.12000	0.00000000E+00
421.14000	0.00000000E+00
421.16000	0.00000000E+00
421.18000	0.00000000E+00
421.20000	0.00000000E+00
421.22000	0.00000000E+00
421.24000	0.00000000E+00
421.26000	0.00000000E+00
421.28000	0.00000000E+00
421.30000	0.00000000E+00
421.32000	0.00000000E+00
421.34000	0.00000000E+00
421.36000	0.00000000E+00
421.38000	0.00000000E+00
421.40000	0.00000000E+00
421.42000	0.00000000E+00
421.44000	0.00000000E+00
421.46000	0.00000000E+00
421.48000	0.00000000E+00
421.50000	0.00000000E+00
421.52000	0.00000000E+00
421.54000	0.00000000E+00
421.56000	0.00000000E+00
421.58000	0.00000000E+00
421.60000	0.00000000E+00
421.62000	0.00000000E+00
421.64000	3.06662501E-31
421.66000	3.44330256E-31
421.68000	3.89385023E-31
421.70000	4.43892286E-31
421.72000	5.10693286E-31
421.74000	5.93782835E-31
421.76000	6.98920611E-31
421.78000	8.34656674E-31
421.80000	1.01412601E-30
421.82000	1.25834941E-30
421.84000	1.60268028E-30
421.86000	2.11035604E-30
421.88000	2.90374602E-30
421.90000	4.24563474E-30
421.92000	6.78850935E-30
421.94000	1.25483119E-29
421.96000	3.05969671E-29
421.98000	1.59372720E-28
422.00000	2.15486794E-27
422.02000	6.56286001E-29
422.04000	1.97644053E-29
422.06000	9.38682146E-30
422.08000	5.46327969E-30
422.10000	3.56997714E-30
422.12000	2.51415918E-30
422.14000	1.86589881E-30
422.16000	1.43953171E-30
422.18000	1.14423248E-30
422.20000	9.31304500E-31
422.22000	7.72733219E-31
422.24000	6.51475344E-31
422.26000	5.56679340E-31
422.28000	4.81169852E-31
422.30000	4.20048513E-31
422.32000	3.69878835E-31
422.34000	3.28192273E-31
422.36000	0.00000000E+00
422.38000	0.00000000E+00
422.40000	0.00000000E+00
422.42000	0.00000000E+00
422.44000	0.00000000E+00
422.46000	0.00000000E+00
422.48000	0.00000000E+00
422.50000	0.00000000E+00
422.52000	0.00000000E+00
422.54000	0.00000000E+00
422.56000	0.00000000E+00
422.58000	0.00000000E+00
422.60000	0.00000000E+00
422.62000	0.00000000E+00
422.64000	0.00000000E+00
422.66000	0.00000000E+00
422.68000	0.00000000E+00
422.70000	0.00000000E+00
422.72000	0.00000000E+00
422.74000	0.00000000E+00
422.76000	0.00000000E+00
422.78000	0.00000000E+00
422.80000	0.00000000E+00
422.82000	0.00000000E+00
422.84000	0.00000000E+00
422.86000	0.00000000E+00
422.88000	0.00000000E+00
422.90000	0.00000000E+00
422.92000	0.00000000E+00
422.94000	0.00000000E+00
422.96000	0.00000000E+00
422.98000	0.00000000E+00
423.00000	0.00000000E+00
423.02000	0.00000000E+00
423.04000	0.00000000E+00
423.06000	0.00000000E+00
423.08000	0.00000000E+00
423.10000	0.00000000E+00
423.12000	0.00000000E+00
423.14000	0.00000000E+00
423.16000	0.00000000E+00
423.18000	0.00000000E+00
423.20000	0.00000000E+00
423.22000	0.00000000E+00
423.24000	0.00000000E+00
423.26000	0.00000000E+00
423.28000	0.00000000E+00
423.30000	0.00000000E+00
423.32000	0.00000000E+00
423.34000	0.00000000E+00
423.36000	0.00000000E+00
423.38000	0.00000000E+00
423.40000	0.00000000E+00
423.42000	0.00000000E+00
423.44000	0.00000000E+00
423.46000	0.00000000E+00
423.48000	0.00000000E+00
423.50000	0.00000000E+00
423.52000	0.00000000E+00
423.54000	0.00000000E+00
423.56000	0.00000000E+00
423.58000	0.00000000E+00
423.60000	0.00000000E+00
423.62000	0.00000000E+00
423.64000	0.00000000E+00
423.66000	0.00000000E+00
423.68000	0.00000000E+00
423.70000	0.00000000E+00
423.72000	0.00000000E+00
423.74000	0.00000000E+00
423.76000	0.00000000E+00
423.78000	0.00000000E+00
423.80000	0.00000000E+00
423.82000	0.00000000E+00
423.84000	0.00000000E+00
423.86000	0.00000000E+00
423.88000	0.00000000E+00
423.90000	0.00000000E+00
423.92000	0.00000000E+00
423.94000	0.00000000E+00
423.96000	0.00000000E+00
423.98000	0.00000000E+00
424.00000	0.00000000E+00
424.02000	0.00000000E+00
424.04000	0.00000000E+00
424.06000	0.00000000E+00
424.08000	0.00000000E+00
424.10000	0.00000000E+00
424.12000	0.00000000E+00
424.14000	0.00000000E+00
424.16000	0.00000000E+00
424.18000	0.00000000E+00
424.20000	0.00000000E+00
424.22000	0.00000000E+00
424.24000	0.00000000E+00
424.26000	0.00000000E+00
424.28000	0.00000000E+00
424.30000	0.00000000E+00
424.32000	0.00000000E+00
424.34000	0.00000000E+00
424.36000	0.00000000E+00
424.38000	0.00000000E+00
424.40000	0.00000000E+00
424.42000	0.00000000E+00
424.44000	0.00000000E+00
424.46000	0.00000000E+00
424.48000	0.00000000E+00
424.50000	0.00000000E+00
424.52000	0.00000000E+00
424.54000	0.00000000E+00
424.56000	0.00000000E+00
424.58000	0.00000000E+00
424.60000	0.00000000E+00
424.62000	0.00000000E+00
424.64000	0.00000000E+00
424.66000	0.00000000E+00
424.68000	0.00000000E+00
424.70000	0.00000000E+00
424.72000	0.00000000E+00
424.74000	0.00000000E+00
424.76000	0.00000000E+00
424.78000	0.00000000E+00
424.80000	0.00000000E+00
424.82000	0.00000000E+00
424.84000	0.00000000E+00
424.86000	0.00000000E+00
424.88000	0.00000000E+00
424.90000	0.00000000E+00
424.92000	0.00000000E+00
424.94000	0.00000000E+00
424.96000	0.00000000E+00
424.98000	0.00000000E+00
425.00000	0.00000000E+00
425.02000	0.00000000E+00
425.04000	0.00000000E+00
425.06000	0.00000000E+00
425.08000	0.00000000E+00
425.10000	0.00000000E+00
425.12000	0.00000000E+00
425.14000	0.00000000E+00
425.16000	0.00000000E+00
425.18000	0.00000000E+00
425.20000	0.00000000E+00
425.22000	0.00000000E+00
425.24000	0.00000000E+00
425.26000	0.00000000E+00
425.28000	3.12995254E-31
425.30000	3.51875671E-31
425.32000	3.98472822E-31
425.34000	4.54972200E-31
425.36000	5.24391498E-31
425.38000	6.10991980E-31
425.40000	7.20948205E-31
425.42000	8.63479668E-31
425.44000	1.05284784E-30
425.46000	1.31206668E-30
425.48000	1.68023851E-30
425.50000	2.22821020E-30
425.52000	3.09538256E-30
425.54000	4.58797168E-30
425.56000	7.49158641E-30
425.58000	1.43633661E-29
425.60000	3.81805691E-29
425.62000	2.68655796E-28
425.64000	5.94982385E-28
425.66000	4.98244453E-29
425.68000	1.72885152E-29
425.70000	8.91557415E-30
425.72000	5.63008002E-30
425.74000	4.07151786E-30
425.76000	3.28236422E-30
425.78000	2.92098637E-30
425.80000	2.86511796E-30
425.82000	3.10749553E-30
425.84000	3.75442739E-30
425.86000	5.67093546E-30
425.88000	8.79988316E-30
425.90000	1.72594422E-29
425.92000	5.54059346E-29
425.94000	1.86177892E-27
425.96000	1.18668600E-28
425.98000	2.51208095E-29
426.00000	1.12984689E-29
426.02000	7.19832692E-30
426.04000	5.70708690E-30
426.06000	5.36172854E-30
426.08000	5.80795455E-30
426.10000	7.14636173E-30
426.12000	1.09167164E-29
426.14000	1.72636394E-29
426.16000	3.41637879E-29
426.18000	1.07883571E-28
426.20000	2.79257293E-27
426.22000	2.73741808E-28
426.24000	5.39400623E-29
426.26000	2.38422505E-29
426.28000	1.46690012E-29
426.30000	1.11053587E-29
426.32000	9.63648013E-30
426.34000	9.80512960E-30
426.36000	1.12781982E-29
426.38000	1.45977389E-29
426.40000	2.14937042E-29
426.42000	3.75140644E-29
426.44000	8.77149564E-29
426.46000	4.73597211E-28
426.48000	1.15380264E-26
426.50000	2.86442350E-28
426.52000	7.17635668E-29
426.54000	3.24786264E-29
426.56000	1.85899910E-29
426.58000	1.16328654E-29
426.60000	8.11097657E-30
426.62000	5.97766101E-30
426.64000	4.58798939E-30
426.66000	3.63239777E-30
426.68000	2.94718329E-30
426.70000	2.43915070E-30
426.72000	2.05206695E-30
426.74000	1.75036502E-30
426.76000	1.51065509E-30
426.78000	1.31704266E-30
426.80000	1.15842017E-30
426.82000	1.02683537E-30
426.84000	6.08598477E-31
426.86000	0.00000000E+00
426.88000	0.00000000E+00
426.90000	0.00000000E+00
426.92000	0.00000000E+00
426.94000	0.00000000E+00
426.96000	0.00000000E+00
426.98000	0.00000000E+00
427.00000	0.00000000E+00
427.02000	0.00000000E+00
427.04000	0.00000000E+00
427.06000	0.00000000E+00
427.08000	3.68603049E-31
427.10000	4.13625037E-31
427.12000	4.67423526E-31
427.14000	5.32436823E-31
427.16000	6.12012729E-31
427.18000	7.10848179E-31
427.20000	1.54054545E-30
427.22000	1.79040188E-30
427.24000	2.10955208E-30
427.26000	2.52757947E-30
427.28000	3.09251028E-30
427.30000	3.88714098E-30
427.32000	5.06567305E-30
427.34000	6.94635363E-30
427.36000	1.02870020E-29
427.38000	1.73219330E-29
427.40000	3.74903663E-29
427.42000	1.58988165E-28
427.44000	4.98707896E-27
427.46000	1.04018357E-28
427.48000	4.51068409E-29
427.50000	5.08413347E-29
427.52000	1.25130062E-28
427.54000	1.79880002E-27
427.56000	4.85265354E-28
427.58000	7.91663451E-29
427.60000	3.17527148E-29
427.62000	1.72536219E-29
427.64000	1.09233228E-29
427.66000	7.57931667E-30
427.68000	5.58917518E-30
427.70000	4.30404207E-30
427.72000	3.42343297E-30
427.74000	2.79220749E-30
427.76000	2.32345907E-30
427.78000	1.96531196E-30
427.80000	1.68518457E-30
427.82000	1.13871088E-30
427.84000	9.88766175E-31
427.86000	8.66610349E-31
427.88000	7.65777436E-31
427.90000	6.81578344E-31
427.92000	0.00000000E+00
427.94000	0.00000000E+00
427.96000	0.00000000E+00
427.98000	0.00000000E+00
428.00000	0.00000000E+00
428.02000	0.00000000E+00
428.04000	0.00000000E+00
428.06000	0.00000000E+00
428.08000	0.00000000E+00
428.10000	0.00000000E+00
428.12000	0.00000000E+00
428.14000	0.00000000E+00
428.16000	0.00000000E+00
428.18000	0.00000000E+00
428.20000	0.00000000E+00
428.22000	0.00000000E+00
428.24000	0.00000000E+00
428.26000	4.32674162E-31
428.28000	4.86019624E-31
428.30000	5.49868473E-31
428.32000	6.27170084E-31
428.34000	7.21986626E-31
428.36000	8.40037677E-31
428.38000	9.89583210E-31
428.40000	1.18290837E-30
428.42000	1.43892886E-30
428.44000	1.78799896E-30
428.46000	2.28133910E-30
428.48000	3.01095017E-30
428.50000	4.15581982E-30
428.52000	6.10310840E-30
428.54000	9.82409667E-30
428.56000	1.83684746E-29
428.58000	4.58744423E-29
428.60000	2.59100045E-28
428.62000	1.59926539E-27
428.64000	8.28453755E-29
428.66000	2.61685802E-29
428.68000	1.26512776E-29
428.70000	7.43189235E-30
428.72000	5.37295303E-30
428.74000	4.00075231E-30
428.76000	3.18791275E-30
428.78000	2.68968447E-30
428.80000	2.38825357E-30
428.82000	2.22378274E-30
428.84000	2.16678114E-30
428.86000	2.20656779E-30
428.88000	2.34734901E-30
428.90000	2.60934949E-30
428.92000	3.03558908E-30
428.94000	3.70858220E-30
428.96000	4.78952612E-30
428.98000	6.61759095E-30
429.00000	9.63243852E-30
429.02000	1.69179573E-29
429.04000	3.71523252E-29
429.06000	1.38218034E-28
429.08000	9.89129462E-27
429.10000	1.85908122E-28
429.12000	4.35175842E-29
429.14000	1.91898418E-29
429.16000	1.09691603E-29
429.18000	7.28160925E-30
429.20000	5.36712879E-30
429.22000	4.30454895E-30
429.24000	3.97279375E-30
429.26000	3.74836538E-30
429.28000	3.80084645E-30
429.30000	4.15186609E-30
429.32000	4.91444322E-30
429.34000	6.37910263E-30
429.36000	9.30274250E-30
429.38000	1.60566453E-29
429.40000	3.73874678E-29
429.42000	1.91256419E-28
429.44000	1.88023227E-27
429.46000	7.54000389E-29
429.48000	2.48106985E-29
429.50000	1.40647878E-29
429.52000	1.15031177E-29
429.54000	1.35615029E-29
429.56000	2.49040022E-29
429.58000	9.97047535E-29
429.60000	3.83585271E-27
429.62000	6.68777265E-29
429.64000	1.91158481E-29
429.66000	9.17605176E-30
429.68000	5.48923477E-30
429.70000	3.70482132E-30
429.72000	2.69631799E-30
429.74000	2.06542835E-30
429.76000	1.64154437E-30
429.78000	1.34130667E-30
429.80000	1.11986381E-30
429.82000	6.46858871E-31
429.84000	5.44409588E-31
429.86000	4.64509537E-31
429.88000	4.00995529E-31
429.90000	3.49674744E-31
429.92000	3.07614447E-31
429.94000	2.72713429E-31
429.96000	2.43434330E-31
429.98000	0.00000000E+00
430.00000	0.00000000E+00
430.02000	0.00000000E+00
430.04000	0.00000000E+00
430.06000	0.00000000E+00
430.08000	0.00000000E+00
430.10000	0.00000000E+00
430.12000	0.00000000E+00
430.14000	0.00000000E+00
430.16000	0.00000000E+00
430.18000	0.00000000E+00
430.20000	0.00000000E+00
430.22000	0.00000000E+00
430.24000	0.00000000E+00
430.26000	0.00000000E+00
430.28000	0.00000000E+00
430.30000	0.00000000E+00
430.32000	0.00000000E+00
430.34000	0.00000000E+00
430.36000	0.00000000E+00
430.38000	0.00000000E+00
430.40000	0.00000000E+00
430.42000	0.00000000E+00
430.44000	0.00000000E+00
430.46000	0.00000000E+00
430.48000	0.00000000E+00
430.50000	0.00000000E+00
430.52000	0.00000000E+00
430.54000	0.00000000E+00
430.56000	0.00000000E+00
430.58000	0.00000000E+00
430.60000	0.00000000E+00
430.62000	0.00000000E+00
430.64000	0.00000000E+00
430.66000	0.00000000E+00
430.68000	0.00000000E+00
430.70000	0.00000000E+00
430.72000	0.00000000E+00
430.74000	0.00000000E+00
430.76000	0.00000000E+00
430.78000	0.00000000E+00
430.80000	0.00000000E+00
430.82000	0.00000000E+00
430.84000	0.00000000E+00
430.86000	0.00000000E+00
430.88000	0.00000000E+00
430.90000	0.00000000E+00
430.92000	0.00000000E+00
430.94000	0.00000000E+00
430.96000	0.00000000E+00
430.98000	0.00000000E+00
431.00000	0.00000000E+00
431.02000	0.00000000E+00
431.04000	0.00000000E+00
431.06000	0.00000000E+00
431.08000	0.00000000E+00
431.10000	0.00000000E+00
431.12000	0.00000000E+00
431.14000	0.00000000E+00
431.16000	0.00000000E+00
431.18000	0.00000000E+00
431.20000	0.00000000E+00
431.22000	0.00000000E+00
431.24000	0.00000000E+00
431.26000	0.00000000E+00
431.28000	0.00000000E+00
431.30000	0.00000000E+00
431.32000	0.00000000E+00
431.34000	0.00000000E+00
431.36000	0.00000000E+00
431.38000	0.00000000E+00
431.40000	0.00000000E+00
431.42000	0.00000000E+00
431.44000	0.00000000E+00
431.46000	0.00000000E+00
431.48000	0.00000000E+00
431.50000	0.00000000E+00
431.52000	0.00000000E+00
431.54000	0.00000000E+00
431.56000	0.00000000E+00
431.58000	0.00000000E+00
431.60000	0.00000000E+00
431.62000	0.00000000E+00
431.64000	0.00000000E+00
431.66000	0.00000000E+00
431.68000	0.00000000E+00
431.70000	0.00000000E+00
431.72000	0.00000000E+00
431.74000	0.00000000E+00
431.76000	0.00000000E+00
431.78000	0.00000000E+00
431.80000	0.00000000E+00
431.82000	0.00000000E+00
431.84000	0.00000000E+00
431.86000	0.00000000E+00
431.88000	0.00000000E+00
431.90000	0.00000000E+00
431.92000	0.00000000E+00
431.94000	0.00000000E+00
431.96000	0.00000000E+00
431.98000	0.00000000E+00
432.00000	0.00000000E+00
432.02000	0.00000000E+00
432.04000	0.00000000E+00
432.06000	0.00000000E+00
432.08000	0.00000000E+00
432.10000	0.00000000E+00
432.12000	0.00000000E+00
432.14000	0.00000000E+00
432.16000	0.00000000E+00
432.18000	0.00000000E+00
432.20000	0.00000000E+00
432.22000	0.00000000E+00
432.24000	0.00000000E+00
432.26000	0.00000000E+00
432.28000	0.00000000E+00
432.30000	0.00000000E+00
432.32000	0.00000000E+00
432.34000	0.00000000E+00
432.36000	0.00000000E+00
432.38000	0.00000000E+00
432.40000	0.00000000E+00
432.42000	0.00000000E+00
432.44000	0.00000000E+00
432.46000	0.00000000E+00
432.48000	0.00000000E+00
432.50000	0.00000000E+00
432.52000	0.00000000E+00
432.54000	0.00000000E+00
432.56000	0.00000000E+00
432.58000	0.00000000E+00
432.60000	0.00000000E+00
432.62000	0.00000000E+00
432.64000	0.00000000E+00
432.66000	0.00000000E+00
432.68000	0.00000000E+00
432.70000	0.00000000E+00
432.72000	0.00000000E+00
432.74000	0.00000000E+00
432.76000	0.00000000E+00
432.78000	0.00000000E+00
432.80000	0.00000000E+00
432.82000	0.00000000E+00
432.84000	0.00000000E+00
432.86000	0.00000000E+00
432.88000	0.00000000E+00
432.90000	0.00000000E+00
432.92000	0.00000000E+00
432.94000	0.00000000E+00
432.96000	0.00000000E+00
432.98000	0.00000000E+00
433.00000	0.00000000E+00
433.02000	0.00000000E+00
433.04000	0.00000000E+00
433.06000	0.00000000E+00
433.08000	0.00000000E+00
433.10000	0.00000000E+00
433.12000	0.00000000E+00
433.14000	0.00000000E+00
433.16000	0.00000000E+00
433.18000	0.00000000E+00
433.20000	0.00000000E+00
433.22000	0.00000000E+00
433.24000	0.00000000E+00
433.26000	0.00000000E+00
433.28000	0.00000000E+00
433.30000	0.00000000E+00
433.32000	0.00000000E+00
433.34000	0.00000000E+00
433.36000	0.00000000E+00
433.38000	0.00000000E+00
433.40000	0.00000000E+00
433.42000	0.00000000E+00
433.44000	0.00000000E+00
433.46000	0.00000000E+00
433.48000	0.00000000E+00
433.50000	0.00000000E+00
433.52000	0.00000000E+00
433.54000	0.00000000E+00
433.56000	0.00000000E+00
433.58000	0.00000000E+00
433.60000	0.00000000E+00
433.62000	0.00000000E+00
433.64000	0.00000000E+00
433.66000	0.00000000E+00
433.68000	0.00000000E+00
433.70000	0.00000000E+00
433.72000	0.00000000E+00
433.74000	0.00000000E+00
433.76000	0.00000000E+00
433.78000	0.00000000E+00
433.80000	0.00000000E+00
433.82000	0.00000000E+00
433.84000	0.00000000E+00
433.86000	0.00000000E+00
433.88000	0.00000000E+00
433.90000	0.00000000E+00
433.92000	0.00000000E+00
433.94000	0.00000000E+00
433.96000	0.00000000E+00
433.98000	0.00000000E+00
434.00000	0.00000000E+00
434.02000	0.00000000E+00
434.04000	0.00000000E+00
434.06000	0.00000000E+00
434.08000	0.00000000E+00
434.10000	0.00000000E+00
434.12000	0.00000000E+00
434.14000	0.00000000E+00
434.16000	0.00000000E+00
434.18000	0.00000000E+00
434.20000	0.00000000E+00
434.22000	0.00000000E+00
434.24000	0.00000000E+00
434.26000	0.00000000E+00
434.28000	0.00000000E+00
434.30000	0.00000000E+00
434.32000	0.00000000E+00
434.34000	0.00000000E+00
434.36000	0.00000000E+00
434.38000	0.00000000E+00
434.40000	0.00000000E+00
434.42000	0.00000000E+00
434.44000	0.00000000E+00
434.46000	0.00000000E+00
434.48000	0.00000000E+00
434.50000	0.00000000E+00
434.52000	0.00000000E+00
434.54000	0.00000000E+00
434.56000	0.00000000E+00
434.58000	0.00000000E+00
434.60000	0.00000000E+00
434.62000	0.00000000E+00
434.64000	0.00000000E+00
434.66000	0.00000000E+00
434.68000	0.00000000E+00
434.70000	0.00000000E+00
434.72000	0.00000000E+00
434.74000	0.00000000E+00
434.76000	0.00000000E+00
434.78000	0.00000000E+00
434.80000	0.00000000E+00
434.82000	0.00000000E+00
434.84000	0.00000000E+00
434.86000	0.00000000E+00
434.88000	0.00000000E+00
434.90000	0.00000000E+00
434.92000	0.00000000E+00
434.94000	0.00000000E+00
434.96000	0.00000000E+00
434.98000	1.10883067E-31
435.00000	1.23872153E-31
435.02000	1.39283273E-31
435.04000	1.57758172E-31
435.06000	1.80166110E-31
435.08000	2.07707986E-31
435.10000	2.42080622E-31
435.12000	2.85744451E-31
435.14000	3.42376310E-31
435.16000	4.17669467E-31
435.18000	5.20822261E-31
435.20000	6.67486498E-31
435.22000	8.86074085E-31
435.24000	1.23262783E-30
435.26000	1.83067543E-30
435.28000	2.99873284E-30
435.30000	5.78222972E-30
435.32000	1.54701252E-29
435.34000	1.16953996E-28
435.36000	2.14630012E-28
435.38000	1.88854841E-29
435.40000	6.51838703E-30
435.42000	3.26766007E-30
435.44000	1.95776070E-30
435.46000	1.30263868E-30
435.48000	9.28789888E-31
435.50000	6.95524018E-31
435.52000	5.40265003E-31
435.54000	4.31743261E-31
435.56000	3.52921165E-31
435.58000	2.93872424E-31
435.60000	2.48496198E-31
435.62000	2.12875224E-31
435.64000	1.84400931E-31
435.66000	1.61281795E-31
435.68000	1.42254424E-31
435.70000	1.26407175E-31
435.72000	1.13068854E-31
435.74000	0.00000000E+00
435.76000	0.00000000E+00
435.78000	0.00000000E+00
435.80000	0.00000000E+00
435.82000	0.00000000E+00
435.84000	0.00000000E+00
435.86000	0.00000000E+00
435.88000	0.00000000E+00
435.90000	0.00000000E+00
435.92000	0.00000000E+00
435.94000	0.00000000E+00
435.96000	0.00000000E+00
435.98000	0.00000000E+00
436.00000	0.00000000E+00
436.02000	0.00000000E+00
436.04000	0.00000000E+00
436.06000	0.00000000E+00
436.08000	0.00000000E+00
436.10000	0.00000000E+00
436.12000	0.00000000E+00
436.14000	0.00000000E+00
436.16000	0.00000000E+00
436.18000	0.00000000E+00
436.20000	0.00000000E+00
436.22000	0.00000000E+00
436.24000	0.00000000E+00
436.26000	0.00000000E+00
436.28000	0.00000000E+00
436.30000	0.00000000E+00
436.32000	0.00000000E+00
436.34000	0.00000000E+00
436.36000	0.00000000E+00
436.38000	0.00000000E+00
436.40000	0.00000000E+00
436.42000	0.00000000E+00
436.44000	0.00000000E+00
436.46000	0.00000000E+00
436.48000	0.00000000E+00
436.50000	0.00000000E+00
436.52000	0.00000000E+00
436.54000	0.00000000E+00
436.56000	0.00000000E+00
436.58000	0.00000000E+00
436.60000	0.00000000E+00
436.62000	0.00000000E+00
436.64000	0.00000000E+00
436.66000	0.00000000E+00
436.68000	0.00000000E+00
436.70000	0.00000000E+00
436.72000	0.00000000E+00
436.74000	0.00000000E+00
436.76000	0.00000000E+00
436.78000	0.00000000E+00
436.80000	0.00000000E+00
436.82000	0.00000000E+00
436.84000	0.00000000E+00
436.86000	0.00000000E+00
436.88000	0.00000000E+00
436.90000	0.00000000E+00
436.92000	0.00000000E+00
436.94000	0.00000000E+00
436.96000	0.00000000E+00
436.98000	0.00000000E+00
437.00000	0.00000000E+00
437.02000	0.00000000E+00
437.04000	0.00000000E+00
437.06000	0.00000000E+00
437.08000	0.00000000E+00
437.10000	0.00000000E+00
437.12000	0.00000000E+00
437.14000	0.00000000E+00
437.16000	0.00000000E+00
437.18000	0.00000000E+00
437.20000	0.00000000E+00
437.22000	0.00000000E+00
437.24000	0.00000000E+00
437.26000	0.00000000E+00
437.28000	0.00000000E+00
437.30000	0.00000000E+00
437.32000	0.00000000E+00
437.34000	0.00000000E+00
437.36000	1.24163210E-31
437.38000	1.38691072E-31
437.40000	1.55924568E-31
437.42000	1.76579648E-31
437.44000	2.01625725E-31
437.46000	2.32401512E-31
437.48000	2.70797647E-31
437.50000	3.19554096E-31
437.52000	3.82762782E-31
437.54000	4.66754851E-31
437.56000	5.81749787E-31
437.58000	7.45117196E-31
437.60000	9.88341931E-31
437.62000	1.37341174E-30
437.64000	2.03660781E-30
437.66000	3.32801768E-30
437.68000	6.38973931E-30
437.70000	1.69304487E-29
437.72000	1.22568370E-28
437.74000	2.65261127E-28
437.76000	2.17944118E-29
437.78000	7.43558493E-30
437.80000	3.79437286E-30
437.82000	2.41576342E-30
437.84000	1.91025446E-30
437.86000	1.53991118E-30
437.88000	1.33978685E-30
437.90000	1.24155053E-30
437.92000	1.21370902E-30
437.94000	1.24264006E-30
437.96000	1.32537389E-30
437.98000	1.46738860E-30
438.00000	1.68348431E-30
438.02000	2.00196646E-30
438.04000	2.47458187E-30
438.06000	3.19947360E-30
438.08000	4.37922690E-30
438.10000	6.49332277E-30
438.12000	1.08474060E-29
438.14000	2.41412188E-29
438.16000	1.56040688E-28
438.18000	2.81264600E-28
438.20000	2.35045258E-28
438.22000	5.25453220E-27
438.24000	7.52766533E-29
438.26000	2.22966739E-29
438.28000	1.08801468E-29
438.30000	6.50838208E-30
438.32000	4.35219081E-30
438.34000	3.12357978E-30
438.36000	2.35454605E-30
438.38000	1.84017831E-30
438.40000	1.47870575E-30
438.42000	1.21474508E-30
438.44000	1.01598552E-30
438.46000	8.62514055E-31
438.48000	7.41500818E-31
438.50000	6.44369972E-31
438.52000	5.65208953E-31
438.54000	4.99832122E-31
438.56000	3.69052373E-31
438.58000	2.36343280E-31
438.60000	2.12223751E-31
438.62000	0.00000000E+00
438.64000	0.00000000E+00
438.66000	0.00000000E+00
438.68000	0.00000000E+00
438.70000	0.00000000E+00
438.72000	0.00000000E+00
438.74000	0.00000000E+00
438.76000	0.00000000E+00
438.78000	0.00000000E+00
438.80000	0.00000000E+00
438.82000	0.00000000E+00
438.84000	0.00000000E+00
438.86000	2.93550817E-31
438.88000	3.27448613E-31
438.90000	3.67571778E-31
438.92000	4.15543266E-31
438.94000	1.01160611E-30
438.96000	1.14362048E-30
438.98000	1.30387694E-30
439.00000	1.50126071E-30
439.02000	1.74854739E-30
439.04000	2.43365988E-30
439.06000	2.89030934E-30
439.08000	3.69394958E-30
439.10000	4.56278406E-30
439.12000	5.82518510E-30
439.14000	7.79444886E-30
439.16000	1.12087039E-29
439.18000	1.82351646E-29
439.20000	3.83031006E-29
439.22000	1.63578599E-28
439.24000	2.96724614E-27
439.26000	9.78510744E-29
439.28000	6.84594432E-29
439.30000	1.63678832E-28
439.32000	6.92473998E-27
439.34000	2.91109191E-28
439.36000	8.00144559E-29
439.38000	6.82507869E-29
439.40000	1.82483931E-28
439.42000	7.60069827E-27
439.44000	3.19156377E-28
439.46000	4.20736951E-28
439.48000	5.41856165E-29
439.50000	2.69712680E-29
439.52000	2.07532258E-29
439.54000	2.48830490E-29
439.56000	6.09955100E-29
439.58000	4.93860432E-27
439.60000	7.99009699E-29
439.62000	2.37060374E-29
439.64000	1.40029127E-29
439.66000	1.13506900E-29
439.68000	1.07395601E-29
439.70000	1.13716619E-29
439.72000	1.27278804E-29
439.74000	1.66217218E-29
439.76000	2.48318802E-29
439.78000	4.29660257E-29
439.80000	1.07797227E-28
439.82000	9.94795761E-28
439.84000	7.06429078E-28
439.86000	1.21023555E-28
439.88000	1.06399970E-28
439.90000	3.50618353E-28
439.92000	4.05606249E-27
439.94000	1.87524344E-28
439.96000	1.54208482E-28
439.98000	7.53399551E-28
440.00000	1.44556094E-27
440.02000	2.14125776E-28
440.04000	1.95143244E-27
440.06000	9.16403368E-29
440.08000	7.89660775E-29
440.10000	1.41935893E-28
440.12000	4.70409686E-27
440.14000	1.59940173E-26
440.16000	3.47797824E-28
440.18000	7.75321713E-28
440.20000	1.02893422E-26
440.22000	8.55641528E-27
440.24000	2.51009634E-27
440.26000	1.27964607E-27
440.28000	1.58549890E-28
440.30000	5.92309949E-29
440.32000	3.88958677E-29
440.34000	3.36821054E-29
440.36000	4.10265502E-29
440.38000	1.13846006E-28
440.40000	3.90271060E-27
440.42000	7.86207070E-29
440.44000	3.54373857E-29
440.46000	2.98431973E-29
440.48000	4.12215077E-29
440.50000	4.82666602E-29
440.52000	9.46487118E-29
440.54000	3.95953794E-28
440.56000	6.76093057E-27
440.58000	2.34085765E-28
440.60000	1.80925979E-28
440.62000	6.92415694E-27
440.64000	9.35709403E-28
440.66000	1.56821935E-27
440.68000	2.73171884E-28
440.70000	3.82570671E-27
440.72000	2.89977600E-28
440.74000	9.58673408E-29
440.76000	1.11905851E-28
440.78000	2.23102229E-28
440.80000	9.88844729E-27
440.82000	6.16287504E-27
440.84000	1.39495011E-28
440.86000	9.08217701E-29
440.88000	1.52253956E-27
440.90000	1.25055342E-28
440.92000	1.27016245E-28
440.94000	5.71877566E-28
440.96000	1.45607330E-27
440.98000	2.20193146E-27
441.00000	2.56311022E-28
441.02000	1.20724881E-28
441.04000	1.15871380E-28
441.06000	1.84133478E-28
441.08000	1.34279404E-27
441.10000	9.49503638E-28
441.12000	4.58068728E-27
441.14000	3.42013211E-28
441.16000	4.04620066E-27
441.18000	5.62566480E-28
441.20000	3.43824541E-28
441.22000	7.65540602E-27
441.24000	6.98764292E-28
441.26000	1.09105004E-27
441.28000	4.46460412E-27
441.30000	2.40467317E-27
441.32000	5.89393749E-27
441.34000	6.70948514E-27
441.36000	1.37768173E-27
441.38000	2.13945635E-26
441.40000	2.68423397E-27
441.42000	1.17623986E-26
441.44000	3.03846455E-27
441.46000	1.23959566E-27
441.48000	1.08022867E-27
441.50000	5.74843661E-26
441.52000	1.04523954E-27
441.54000	1.32959457E-26
441.56000	6.45433232E-28
441.58000	3.71461866E-27
441.60000	5.24766205E-27
441.62000	1.19583281E-26
441.64000	1.38469479E-27
441.66000	1.37724323E-27
441.68000	6.56469436E-28
441.70000	1.22765749E-26
441.72000	1.07842726E-27
441.74000	1.89136093E-27
441.76000	1.15895538E-25
441.78000	8.46755514E-27
441.80000	2.49266829E-27
441.82000	2.60246350E-27
441.84000	5.11693284E-27
441.86000	5.18631089E-28
441.88000	6.51372792E-28
441.90000	2.43747556E-27
441.92000	2.18268180E-26
441.94000	9.19867010E-27
441.96000	1.01038565E-26
441.98000	3.52413312E-27
442.00000	2.61201411E-26
442.02000	9.11740032E-28
442.04000	1.71420576E-27
442.06000	2.63278167E-28
442.08000	1.71808522E-28
442.10000	1.51757314E-28
442.12000	1.63368596E-28
442.14000	2.36828628E-28
442.16000	1.38039217E-27
442.18000	7.85562624E-28
442.20000	8.95682818E-27
442.22000	6.28913851E-28
442.24000	1.50479655E-27
442.26000	5.05985695E-27
442.28000	5.30100503E-26
442.30000	2.63202748E-27
442.32000	1.05435405E-27
442.34000	1.86528304E-27
442.36000	4.85365437E-27
442.38000	1.03000904E-25
442.40000	1.82025315E-26
442.42000	1.21024253E-27
442.44000	1.35812688E-27
442.46000	1.11988036E-26
442.48000	2.10751335E-26
442.50000	1.08593205E-27
442.52000	1.29192118E-27
442.54000	2.02142437E-26
442.56000	6.85708806E-27
442.58000	1.32749103E-26
442.60000	2.51746893E-27
442.62000	6.46401785E-27
442.64000	5.05490977E-26
442.66000	7.54074270E-26
442.68000	1.94519865E-26
442.70000	1.82518224E-26
442.72000	4.97078546E-26
442.74000	3.72810707E-25
442.76000	1.33393082E-26
442.78000	2.95107678E-26
442.80000	2.88638824E-26
442.82000	2.18766959E-26
442.84000	3.32051400E-26
442.86000	5.14606669E-27
442.88000	2.25607689E-26
442.90000	1.98688093E-26
442.92000	4.57425522E-27
442.94000	3.09830442E-26
442.96000	9.81104776E-27
442.98000	1.39822067E-26
443.00000	1.76540500E-25
443.02000	5.70496783E-26
443.04000	3.69666212E-27
443.06000	4.96381507E-27
443.08000	8.01031206E-26
443.10000	1.87842164E-26
443.12000	2.42131702E-26
443.14000	9.61480150E-27
443.16000	2.69218450E-26
443.18000	5.10358058E-27
443.20000	4.56249715E-27
443.22000	2.36576021E-27
443.24000	1.87755883E-27
443.26000	6.63368998E-26
443.28000	3.99218644E-27
443.30000	8.37469190E-27
443.32000	1.17707178E-26
443.34000	2.20922572E-27
443.36000	9.00259558E-27
443.38000	5.07754164E-27
443.40000	1.81567370E-26
443.42000	8.39278030E-27
443.44000	1.86577073E-27
443.46000	6.47965563E-27
443.48000	1.42699640E-27
443.50000	9.23510895E-27
443.52000	6.77100233E-28
443.54000	1.57638001E-27
443.56000	6.11253967E-26
443.58000	2.30084333E-27
443.60000	5.13499069E-27
443.62000	2.54525932E-27
443.64000	1.29559734E-26
443.66000	2.49841186E-27
443.68000	1.08083187E-27
443.70000	2.47567030E-26
443.72000	5.98766607E-28
443.74000	4.18220417E-28
443.76000	6.26412001E-28
443.78000	3.50985835E-27
443.80000	7.72876092E-27
443.82000	1.62082236E-26
443.84000	1.32675841E-27
443.86000	8.24783484E-28
443.88000	2.43351613E-27
443.90000	1.48326260E-26
443.92000	8.86447516E-28
443.94000	4.45871402E-28
443.96000	5.12543612E-27
443.98000	2.80815530E-28
444.00000	2.46611343E-28
444.02000	3.02026464E-28
444.04000	4.64677338E-28
444.06000	1.04778485E-27
444.08000	6.69838393E-27
444.10000	1.43621833E-26
444.12000	8.13608736E-27
444.14000	7.59633198E-28
444.16000	6.06857751E-28
444.18000	8.92871941E-28
444.20000	3.34924340E-27
444.22000	3.68781025E-26
444.24000	2.51578554E-27
444.26000	6.87206889E-27
444.28000	5.21656615E-27
444.30000	7.54677730E-27
444.32000	9.65432124E-27
444.34000	2.46405341E-26
444.36000	5.75129398E-27
444.38000	8.61042277E-26
444.40000	8.29263435E-27
444.42000	1.08904539E-26
444.44000	1.15978149E-26
444.46000	3.83599053E-27
444.48000	9.27229576E-27
444.50000	2.36680659E-26
444.52000	2.88632065E-27
444.54000	2.58753934E-26
444.56000	1.73176691E-27
444.58000	6.89516782E-28
444.60000	1.29385101E-26
444.62000	5.49920420E-28
444.64000	6.23835970E-28
444.66000	4.62085999E-27
444.68000	1.01239093E-26
444.70000	8.33934871E-28
444.72000	5.14679015E-28
444.74000	5.47478332E-28
444.76000	8.48909375E-28
444.78000	5.96325085E-27
444.80000	3.08608540E-27
444.82000	4.46462845E-26
444.84000	4.36344824E-26
444.86000	7.84874302E-26
444.88000	4.62631986E-27
444.90000	6.56061172E-27
444.92000	3.22867170E-26
444.94000	7.95131238E-26
444.96000	2.43106226E-27
444.98000	3.07726636E-27
445.00000	2.13483010E-27
445.02000	2.72304708E-27
445.04000	5.45265607E-26
445.06000	4.33952492E-27
445.08000	7.90137829E-26
445.10000	3.96867458E-27
445.12000	1.77482523E-27
445.14000	3.44961502E-27
445.16000	8.06677409E-28
445.18000	2.11703201E-27
445.20000	5.14235933E-27
445.22000	1.16741665E-27
445.24000	9.23034903E-28
445.26000	5.91107693E-28
445.28000	4.25133220E-27
445.30000	1.30943530E-27
445.32000	3.59168616E-27
445.34000	4.19537025E-26
445.36000	1.48974013E-25
445.38000	5.64063304E-27
445.40000	1.46681585E-27
445.42000	7.81705669E-28
445.44000	7.22815581E-28
445.46000	1.32941194E-27
445.48000	1.76597197E-26
445.50000	8.53316811E-27
445.52000	8.74712671E-27
445.54000	1.13858271E-27
445.56000	8.43692445E-28
445.58000	1.60053282E-27
445.60000	3.57170426E-26
445.62000	3.83345169E-27
445.64000	9.24787793E-27
445.66000	1.77085743E-26
445.68000	1.48886858E-26
445.70000	2.03312684E-27
445.72000	1.36675250E-27
445.74000	1.22215237E-26
445.76000	2.08725540E-27
445.78000	9.70454719E-28
445.80000	1.56819944E-27
445.82000	1.36045324E-26
445.84000	1.30808047E-26
445.86000	4.81103758E-27
445.88000	1.89732069E-26
445.90000	5.10966017E-26
445.92000	1.44072726E-26
445.94000	4.37784603E-27
445.96000	3.83365171E-26
445.98000	2.37705630E-27
446.00000	1.00303780E-27
446.02000	7.69913195E-27
446.04000	7.92737348E-27
446.06000	8.77107991E-28
446.08000	7.98304764E-28
446.10000	5.85723532E-28
446.12000	1.97860812E-26
446.14000	6.86580716E-28
446.16000	6.17821185E-28
446.18000	5.73089290E-27
446.20000	1.93776084E-27
446.22000	1.03398811E-27
446.24000	3.76940045E-27
446.26000	6.93994095E-27
446.28000	5.40009380E-27
446.30000	2.14417249E-27
446.32000	1.89807703E-27
446.34000	1.61312516E-26
446.36000	1.14171679E-27
446.38000	7.30610535E-27
446.40000	1.14551900E-26
446.42000	2.22919612E-26
446.44000	4.24096370E-27
446.46000	6.47888404E-26
446.48000	1.25355914E-26
446.50000	4.76946691E-26
446.52000	1.81891542E-26
446.54000	1.57165186E-27
446.56000	6.17415268E-28
446.58000	3.96611098E-28
446.60000	3.68982887E-28
446.62000	6.65828175E-27
446.64000	1.64145363E-26
446.66000	5.04621606E-28
446.68000	1.18108379E-27
446.70000	4.30704952E-28
446.72000	4.93518668E-28
446.74000	1.28099471E-26
446.76000	7.71587455E-28
446.78000	4.33486381E-27
446.80000	1.22551193E-26
446.82000	1.06382616E-27
446.84000	2.52997778E-27
446.86000	8.22133005E-27
446.88000	5.45635731E-27
446.90000	3.28547228E-28
446.92000	2.02111667E-28
446.94000	1.99706075E-28
446.96000	2.57808533E-28
446.98000	4.42952128E-28
447.00000	1.29862937E-27
447.02000	4.94204647E-26
447.04000	2.45186827E-27
447.06000	1.53711194E-26
447.08000	1.19576952E-27
447.10000	9.38213268E-27
447.12000	2.05675362E-26
447.14000	3.31368129E-26
447.16000	6.12676600E-27
447.18000	1.00601594E-26
447.20000	2.36882050E-27
447.22000	2.33608236E-27
447.24000	4.50742181E-27
447.26000	9.06142018E-28
447.28000	1.35330915E-26
447.30000	9.69623760E-28
447.32000	1.43403106E-26
447.34000	1.64982904E-26
447.36000	6.99691634E-28
447.38000	1.35565416E-27
447.40000	2.40779335E-27
447.42000	1.26708233E-27
447.44000	7.62070308E-28
447.46000	8.03151434E-27
447.48000	4.22761590E-28
447.50000	4.48138057E-28
447.52000	1.15827503E-26
447.54000	9.61393960E-28
447.56000	9.75721041E-28
447.58000	6.59094699E-27
447.60000	5.42537104E-27
447.62000	5.59300535E-28
447.64000	1.93522664E-27
447.66000	5.83935381E-27
447.68000	1.94499960E-28
447.70000	1.76906001E-28
447.72000	2.35221091E-28
447.74000	4.49271002E-28
447.76000	3.40776000E-27
447.78000	1.84493544E-26
447.80000	1.09565231E-26
447.82000	1.73499767E-26
447.84000	9.59249057E-27
447.86000	5.15531948E-28
447.88000	3.87835807E-28
447.90000	2.27867919E-27
447.92000	1.85805036E-27
447.94000	6.60645586E-28
447.96000	7.71458029E-27
447.98000	4.82225649E-28
448.00000	2.06245170E-28
448.02000	3.50221737E-28
448.04000	1.31950579E-26
448.06000	6.14652029E-28
448.08000	1.57534640E-28
448.10000	9.48979907E-29
448.12000	9.14684230E-29
448.14000	1.51537380E-28
448.16000	9.20182398E-28
448.18000	1.24257706E-27
448.20000	1.62035403E-28
448.22000	9.48263205E-29
448.24000	1.13355640E-28
448.26000	3.20642032E-28
448.28000	2.82174073E-26
448.30000	3.34342004E-28
448.32000	1.09333155E-28
448.34000	7.63691151E-29
448.36000	7.90020973E-29
448.38000	1.15162586E-28
448.40000	2.68532024E-28
448.42000	3.03599463E-27
448.44000	1.38559276E-27
448.46000	2.90231544E-28
448.48000	3.09993044E-28
448.50000	1.40587380E-27
448.52000	2.64121363E-27
448.54000	3.16250853E-26
448.56000	8.45471167E-28
448.58000	3.25343408E-28
448.60000	7.18152901E-28
448.62000	4.38054589E-27
448.64000	2.34988990E-28
448.66000	9.67090772E-29
448.68000	6.07890361E-29
448.70000	4.59238530E-29
448.72000	4.05111819E-29
448.74000	4.05000245E-29
448.76000	4.65790574E-29
448.78000	6.40044771E-29
448.80000	1.15526263E-28
448.82000	3.84229794E-28
448.84000	1.35348615E-26
448.86000	1.83199691E-27
448.88000	3.01145924E-28
448.90000	5.68400128E-27
448.92000	5.29163944E-27
448.94000	2.10511667E-28
448.96000	8.72010161E-29
448.98000	9.27618440E-29
449.00000	2.36669667E-28
449.02000	1.40814452E-26
449.04000	3.30005158E-28
449.06000	8.93576253E-29
449.08000	5.68224259E-29
449.10000	9.91216032E-29
449.12000	2.00017429E-27
449.14000	5.72446055E-29
449.16000	3.07136647E-29
449.18000	2.65784420E-29
449.20000	2.81509635E-29
449.22000	3.42351072E-29
449.24000	4.76676011E-29
449.26000	7.87526300E-29
449.28000	1.97853162E-28
449.30000	1.00359073E-26
449.32000	1.31070076E-26
449.34000	9.03827839E-28
449.36000	2.53938055E-27
449.38000	8.26980660E-28
449.40000	1.73992424E-28
449.42000	1.31458406E-28
449.44000	8.14007585E-28
449.46000	3.67061638E-28
449.48000	6.72877662E-29
449.50000	3.28195304E-29
449.52000	2.12022665E-29
449.54000	1.54957610E-29
449.56000	1.23589678E-29
449.58000	1.05170951E-29
449.60000	9.53835508E-30
449.62000	9.31820253E-30
449.64000	1.00379092E-29
449.66000	1.24234979E-29
449.68000	1.89846118E-29
449.70000	4.17492422E-29
449.72000	2.30210290E-28
449.74000	1.14928611E-27
449.76000	6.61305412E-29
449.78000	2.12479108E-29
449.80000	1.06719197E-29
449.82000	6.49239011E-30
449.84000	4.43934180E-30
449.86000	2.98983378E-30
449.88000	2.30737718E-30
449.90000	1.87073290E-30
449.92000	1.58400860E-30
449.94000	1.39680592E-30
449.96000	1.28188039E-30
449.98000	1.22533528E-30