4.000034E+02	6.989304E-19
4.000189E+02	6.968193E-19
4.000343E+02	7.065172E-19
4.000497E+02	7.139685E-19
4.000652E+02	7.108143E-19
4.000806E+02	7.104401E-19
4.000961E+02	7.102259E-19
4.001115E+02	7.087521E-19
4.001269E+02	7.120601E-19
4.001424E+02	7.078397E-19
4.001578E+02	6.984885E-19
4.001733E+02	6.918347E-19
4.001887E+02	6.889551E-19
4.002042E+02	7.020826E-19
4.002196E+02	7.140410E-19
4.002351E+02	7.082715E-19
4.002505E+02	7.087078E-19
4.002660E+02	7.110656E-19
4.002814E+02	7.036151E-19
4.002969E+02	7.005555E-19
4.003123E+02	6.898583E-19
4.003278E+02	6.716087E-19
4.003433E+02	6.732285E-19
4.003587E+02	6.794526E-19
4.003742E+02	6.757074E-19
4.003896E+02	6.785735E-19
4.004051E+02	6.799993E-19
4.004206E+02	6.771357E-19
4.004360E+02	6.823809E-19
4.004515E+02	6.930717E-19
4.004670E+02	6.991926E-19
4.004824E+02	6.968539E-19
4.004979E+02	6.974924E-19
4.005134E+02	7.001992E-19
4.005289E+02	7.001031E-19
4.005443E+02	7.059252E-19
4.005598E+02	7.082569E-19
4.005753E+02	6.946178E-19
4.005908E+02	6.764339E-19
4.006062E+02	6.726998E-19
4.006217E+02	6.788473E-19
4.006372E+02	6.778145E-19
4.006527E+02	6.707937E-19
4.006682E+02	6.652724E-19
4.006837E+02	6.688223E-19
4.006991E+02	6.738013E-19
4.007146E+02	6.742173E-19
4.007301E+02	6.744043E-19
4.007456E+02	6.683058E-19
4.007611E+02	6.658953E-19
4.007766E+02	6.674637E-19
4.007921E+02	6.681322E-19
4.008076E+02	6.766432E-19
4.008231E+02	6.813850E-19
4.008386E+02	6.768916E-19
4.008541E+02	6.761095E-19
4.008696E+02	6.843942E-19
4.008851E+02	6.898414E-19
4.009006E+02	6.852875E-19
4.009161E+02	6.832329E-19
4.009316E+02	6.799481E-19
4.009471E+02	6.661937E-19
4.009626E+02	6.600689E-19
4.009781E+02	6.718438E-19
4.009936E+02	6.745750E-19
4.010091E+02	6.600928E-19
4.010246E+02	6.510519E-19
4.010402E+02	6.565379E-19
4.010557E+02	6.762095E-19
4.010712E+02	6.876379E-19
4.010867E+02	6.790258E-19
4.011022E+02	6.761401E-19
4.011177E+02	6.865523E-19
4.011333E+02	6.929615E-19
4.011488E+02	6.830060E-19
4.011643E+02	6.706186E-19
4.011798E+02	6.705914E-19
4.011953E+02	6.708736E-19
4.012109E+02	6.625994E-19
4.012264E+02	6.587619E-19
4.012419E+02	6.624925E-19
4.012575E+02	6.611461E-19
4.012730E+02	6.555006E-19
4.012885E+02	6.587002E-19
4.013041E+02	6.682626E-19
4.013196E+02	6.680888E-19
4.013351E+02	6.580245E-19
4.013507E+02	6.502358E-19
4.013662E+02	6.461708E-19
4.013817E+02	6.470380E-19
4.013973E+02	6.551280E-19
4.014128E+02	6.569932E-19
4.014284E+02	6.489478E-19
4.014439E+02	6.447571E-19
4.014595E+02	6.455573E-19
4.014750E+02	6.468558E-19
4.014905E+02	6.459466E-19
4.015061E+02	6.432972E-19
4.015216E+02	6.400645E-19
4.015372E+02	6.375446E-19
4.015528E+02	6.421471E-19
4.015683E+02	6.466613E-19
4.015839E+02	6.432825E-19
4.015994E+02	6.444432E-19
4.016150E+02	6.493294E-19
4.016305E+02	6.436534E-19
4.016461E+02	6.353254E-19
4.016617E+02	6.293218E-19
4.016772E+02	6.241299E-19
4.016928E+02	6.262381E-19
4.017083E+02	6.264416E-19
4.017239E+02	6.248840E-19
4.017395E+02	6.283270E-19
4.017550E+02	6.305925E-19
4.017706E+02	6.341845E-19
4.017862E+02	6.401898E-19
4.018018E+02	6.446261E-19
4.018173E+02	6.385929E-19
4.018329E+02	6.234752E-19
4.018485E+02	6.204276E-19
4.018641E+02	6.320051E-19
4.018796E+02	6.324331E-19
4.018952E+02	6.246112E-19
4.019108E+02	6.322231E-19
4.019264E+02	6.292745E-19
4.019420E+02	6.050709E-19
4.019575E+02	5.926390E-19
4.019731E+02	5.981461E-19
4.019887E+02	6.085468E-19
4.020043E+02	6.084549E-19
4.020199E+02	6.003876E-19
4.020355E+02	5.980909E-19
4.020511E+02	5.995496E-19
4.020667E+02	5.995528E-19
4.020823E+02	6.000966E-19
4.020979E+02	6.025910E-19
4.021134E+02	6.043735E-19
4.021290E+02	5.993334E-19
4.021446E+02	5.843619E-19
4.021602E+02	5.700949E-19
4.021758E+02	5.698812E-19
4.021914E+02	5.812021E-19
4.022071E+02	5.802537E-19
4.022227E+02	5.684071E-19
4.022383E+02	5.700712E-19
4.022539E+02	5.734030E-19
4.022695E+02	5.662284E-19
4.022851E+02	5.643285E-19
4.023007E+02	5.751617E-19
4.023163E+02	5.815163E-19
4.023319E+02	5.757510E-19
4.023475E+02	5.737683E-19
4.023632E+02	5.718367E-19
4.023788E+02	5.715272E-19
4.023944E+02	5.804707E-19
4.024100E+02	5.801674E-19
4.024256E+02	5.674817E-19
4.024412E+02	5.640926E-19
4.024569E+02	5.682151E-19
4.024725E+02	5.692106E-19
4.024881E+02	5.702511E-19
4.025037E+02	5.614964E-19
4.025194E+02	5.542113E-19
4.025350E+02	5.626588E-19
4.025506E+02	5.659599E-19
4.025663E+02	5.599227E-19
4.025819E+02	5.528502E-19
4.025975E+02	5.505489E-19
4.026132E+02	5.560659E-19
4.026288E+02	5.586702E-19
4.026444E+02	5.561169E-19
4.026601E+02	5.515322E-19
4.026757E+02	5.458445E-19
4.026914E+02	5.457589E-19
4.027070E+02	5.474300E-19
4.027226E+02	5.410466E-19
4.027383E+02	5.336696E-19
4.027539E+02	5.365521E-19
4.027696E+02	5.530651E-19
4.027852E+02	5.646617E-19
4.028009E+02	5.584260E-19
4.028165E+02	5.528069E-19
4.028322E+02	5.541722E-19
4.028478E+02	5.602139E-19
4.028635E+02	5.642785E-19
4.028791E+02	5.654911E-19
4.028948E+02	5.669094E-19
4.029105E+02	5.680237E-19
4.029261E+02	5.702313E-19
4.029418E+02	5.622176E-19
4.029574E+02	5.558947E-19
4.029731E+02	5.573018E-19
4.029888E+02	5.609870E-19
4.030044E+02	5.663097E-19
4.030201E+02	5.619833E-19
4.030358E+02	5.633187E-19
4.030514E+02	5.638461E-19
4.030671E+02	5.533549E-19
4.030828E+02	5.453825E-19
4.030984E+02	5.390604E-19
4.031141E+02	5.429504E-19
4.031298E+02	5.458156E-19
4.031455E+02	5.400166E-19
4.031611E+02	5.428269E-19
4.031768E+02	5.496322E-19
4.031925E+02	5.479788E-19
4.032082E+02	5.422731E-19
4.032239E+02	5.464445E-19
4.032396E+02	5.554714E-19
4.032552E+02	5.551284E-19
4.032709E+02	5.484323E-19
4.032866E+02	5.461158E-19
4.033023E+02	5.498901E-19
4.033180E+02	5.488783E-19
4.033337E+02	5.442266E-19
4.033494E+02	5.442067E-19
4.033651E+02	5.442757E-19
4.033808E+02	5.479047E-19
4.033965E+02	5.523952E-19
4.034122E+02	5.512075E-19
4.034279E+02	5.609659E-19
4.034436E+02	5.742891E-19
4.034593E+02	5.784120E-19
4.034750E+02	5.709676E-19
4.034907E+02	5.542403E-19
4.035064E+02	5.625548E-19
4.035221E+02	5.792327E-19
4.035378E+02	5.741183E-19
4.035535E+02	5.673933E-19
4.035692E+02	5.622099E-19
4.035849E+02	5.651707E-19
4.036006E+02	5.692437E-19
4.036163E+02	5.613797E-19
4.036320E+02	5.584256E-19
4.036478E+02	5.663714E-19
4.036635E+02	5.694246E-19
4.036792E+02	5.653353E-19
4.036949E+02	5.718921E-19
4.037106E+02	5.798370E-19
4.037264E+02	5.792340E-19
4.037421E+02	5.877172E-19
4.037578E+02	6.056166E-19
4.037735E+02	6.107029E-19
4.037892E+02	6.089553E-19
4.038050E+02	6.228358E-19
4.038207E+02	6.289675E-19
4.038364E+02	6.227380E-19
4.038522E+02	6.305410E-19
4.038679E+02	6.367558E-19
4.038836E+02	6.354435E-19
4.038994E+02	6.374297E-19
4.039151E+02	6.337969E-19
4.039308E+02	6.316777E-19
4.039466E+02	6.332253E-19
4.039623E+02	6.313275E-19
4.039781E+02	6.395930E-19
4.039938E+02	6.527216E-19
4.040095E+02	6.607746E-19
4.040253E+02	6.517975E-19
4.040410E+02	6.346084E-19
4.040568E+02	6.414837E-19
4.040725E+02	6.398907E-19
4.040883E+02	6.300687E-19
4.041040E+02	6.367463E-19
4.041198E+02	6.330698E-19
4.041355E+02	6.308295E-19
4.041513E+02	6.338013E-19
4.041670E+02	6.295928E-19
4.041828E+02	6.286256E-19
4.041986E+02	6.314459E-19
4.042143E+02	6.235994E-19
4.042301E+02	6.090784E-19
4.042458E+02	6.110376E-19
4.042616E+02	6.192283E-19
4.042774E+02	6.282336E-19
4.042931E+02	6.306507E-19
4.043089E+02	6.120837E-19
4.043247E+02	5.980171E-19
4.043404E+02	5.976485E-19
4.043562E+02	6.037762E-19
4.043720E+02	6.085235E-19
4.043878E+02	6.117411E-19
4.044035E+02	6.122172E-19
4.044193E+02	6.053106E-19
4.044351E+02	6.016287E-19
4.044509E+02	5.935976E-19
4.044666E+02	5.883549E-19
4.044824E+02	6.013469E-19
4.044982E+02	6.145497E-19
4.045140E+02	6.117665E-19
4.045298E+02	6.022327E-19
4.045456E+02	5.955654E-19
4.045613E+02	5.870062E-19
4.045771E+02	5.845993E-19
4.045929E+02	5.872029E-19
4.046087E+02	5.852212E-19
4.046245E+02	5.841074E-19
4.046403E+02	5.805793E-19
4.046561E+02	5.867558E-19
4.046719E+02	5.959273E-19
4.046877E+02	5.897739E-19
4.047035E+02	5.918485E-19
4.047193E+02	6.000656E-19
4.047351E+02	6.051893E-19
4.047509E+02	6.199361E-19
4.047667E+02	6.379074E-19
4.047825E+02	6.366328E-19
4.047983E+02	6.236320E-19
4.048141E+02	6.339083E-19
4.048299E+02	6.545332E-19
4.048457E+02	6.701312E-19
4.048615E+02	6.851796E-19
4.048773E+02	6.883589E-19
4.048931E+02	6.930417E-19
4.049090E+02	6.847699E-19
4.049248E+02	6.719016E-19
4.049406E+02	6.707682E-19
4.049564E+02	6.534537E-19
4.049722E+02	6.315924E-19
4.049880E+02	6.155639E-19
4.050039E+02	6.116857E-19
4.050197E+02	6.166210E-19
4.050355E+02	6.212991E-19
4.050513E+02	6.390870E-19
4.050672E+02	6.501108E-19
4.050830E+02	6.463002E-19
4.050988E+02	6.506025E-19
4.051146E+02	6.693424E-19
4.051305E+02	6.881844E-19
4.051463E+02	6.940172E-19
4.051621E+02	7.045246E-19
4.051780E+02	7.061826E-19
4.051938E+02	6.908432E-19
4.052097E+02	6.963470E-19
4.052255E+02	7.183807E-19
4.052413E+02	7.289373E-19
4.052572E+02	7.367159E-19
4.052730E+02	7.333400E-19
4.052889E+02	7.244569E-19
4.053047E+02	7.305246E-19
4.053205E+02	7.113497E-19
4.053364E+02	6.882680E-19
4.053522E+02	6.868080E-19
4.053681E+02	6.713101E-19
4.053839E+02	6.502265E-19
4.053998E+02	6.429392E-19
4.054156E+02	6.552927E-19
4.054315E+02	6.646228E-19
4.054474E+02	6.574154E-19
4.054632E+02	6.506777E-19
4.054791E+02	6.476619E-19
4.054949E+02	6.537389E-19
4.055108E+02	6.448383E-19
4.055267E+02	6.269751E-19
4.055425E+02	6.138274E-19
4.055584E+02	6.000138E-19
4.055742E+02	6.127145E-19
4.055901E+02	6.240475E-19
4.056060E+02	6.071913E-19
4.056219E+02	5.998409E-19
4.056377E+02	6.086869E-19
4.056536E+02	6.214989E-19
4.056695E+02	6.173092E-19
4.056853E+02	5.959577E-19
4.057012E+02	5.859055E-19
4.057171E+02	5.802562E-19
4.057330E+02	5.691077E-19
4.057489E+02	5.685754E-19
4.057647E+02	5.712580E-19
4.057806E+02	5.665638E-19
4.057965E+02	5.641259E-19
4.058124E+02	5.632206E-19
4.058283E+02	5.658166E-19
4.058442E+02	5.769248E-19
4.058600E+02	5.824948E-19
4.058759E+02	5.752958E-19
4.058918E+02	5.739588E-19
4.059077E+02	5.768280E-19
4.059236E+02	5.718911E-19
4.059395E+02	5.686439E-19
4.059554E+02	5.756430E-19
4.059713E+02	5.934283E-19
4.059872E+02	5.946748E-19
4.060031E+02	5.770312E-19
4.060190E+02	5.782719E-19
4.060349E+02	5.859466E-19
4.060508E+02	5.768680E-19
4.060667E+02	5.711550E-19
4.060826E+02	5.739891E-19
4.060985E+02	5.622691E-19
4.061144E+02	5.503030E-19
4.061303E+02	5.616974E-19
4.061462E+02	5.830172E-19
4.061622E+02	5.940034E-19
4.061781E+02	5.888289E-19
4.061940E+02	5.896708E-19
4.062099E+02	5.898616E-19
4.062258E+02	5.825633E-19
4.062417E+02	5.990011E-19
4.062576E+02	6.082398E-19
4.062736E+02	5.938473E-19
4.062895E+02	5.884211E-19
4.063054E+02	5.914845E-19
4.063213E+02	6.010727E-19
4.063373E+02	5.980679E-19
4.063532E+02	5.847627E-19
4.063691E+02	5.770463E-19
4.063850E+02	5.639517E-19
4.064010E+02	5.568478E-19
4.064169E+02	5.590749E-19
4.064328E+02	5.600092E-19
4.064488E+02	5.568108E-19
4.064647E+02	5.436393E-19
4.064806E+02	5.296902E-19
4.064966E+02	5.295257E-19
4.065125E+02	5.432131E-19
4.065285E+02	5.520024E-19
4.065444E+02	5.500585E-19
4.065604E+02	5.536699E-19
4.065763E+02	5.515351E-19
4.065922E+02	5.419564E-19
4.066082E+02	5.398409E-19
4.066241E+02	5.309062E-19
4.066401E+02	5.185048E-19
4.066560E+02	5.124838E-19
4.066720E+02	5.041006E-19
4.066879E+02	5.014049E-19
4.067039E+02	5.045980E-19
4.067198E+02	5.008096E-19
4.067358E+02	4.994541E-19
4.067518E+02	5.078979E-19
4.067677E+02	5.117632E-19
4.067837E+02	5.100458E-19
4.067996E+02	5.113910E-19
4.068156E+02	5.129444E-19
4.068316E+02	5.171940E-19
4.068475E+02	5.158972E-19
4.068635E+02	5.103117E-19
4.068795E+02	5.143555E-19
4.068954E+02	5.120304E-19
4.069114E+02	5.044522E-19
4.069274E+02	5.002994E-19
4.069434E+02	4.970428E-19
4.069593E+02	5.043946E-19
4.069753E+02	5.116962E-19
4.069913E+02	5.149491E-19
4.070073E+02	5.169095E-19
4.070232E+02	5.123134E-19
4.070392E+02	5.114750E-19
4.070552E+02	5.078673E-19
4.070712E+02	5.005754E-19
4.070872E+02	5.005337E-19
4.071032E+02	5.004374E-19
4.071191E+02	4.952655E-19
4.071351E+02	4.923867E-19
4.071511E+02	4.954970E-19
4.071671E+02	4.981293E-19
4.071831E+02	5.049347E-19
4.071991E+02	5.158554E-19
4.072151E+02	5.147945E-19
4.072311E+02	5.073258E-19
4.072471E+02	5.085680E-19
4.072631E+02	5.179388E-19
4.072791E+02	5.239701E-19
4.072951E+02	5.150427E-19
4.073111E+02	5.002997E-19
4.073271E+02	4.983882E-19
4.073431E+02	5.032748E-19
4.073591E+02	5.068801E-19
4.073751E+02	5.093034E-19
4.073911E+02	5.054298E-19
4.074071E+02	5.049862E-19
4.074231E+02	5.097244E-19
4.074391E+02	5.166921E-19
4.074552E+02	5.225475E-19
4.074712E+02	5.214573E-19
4.074872E+02	5.310318E-19
4.075032E+02	5.449550E-19
4.075192E+02	5.410867E-19
4.075352E+02	5.292039E-19
4.075513E+02	5.244026E-19
4.075673E+02	5.264312E-19
4.075833E+02	5.286302E-19
4.075993E+02	5.320086E-19
4.076154E+02	5.335384E-19
4.076314E+02	5.389920E-19
4.076474E+02	5.501314E-19
4.076634E+02	5.539399E-19
4.076795E+02	5.619534E-19
4.076955E+02	5.846273E-19
4.077115E+02	6.010277E-19
4.077276E+02	5.932865E-19
4.077436E+02	5.828498E-19
4.077596E+02	5.821956E-19
4.077757E+02	5.854463E-19
4.077917E+02	5.874405E-19
4.078078E+02	5.751094E-19
4.078238E+02	5.709383E-19
4.078398E+02	5.846668E-19
4.078559E+02	5.923680E-19
4.078719E+02	6.031703E-19
4.078880E+02	6.143930E-19
4.079040E+02	6.137384E-19
4.079201E+02	6.251918E-19
4.079361E+02	6.473396E-19
4.079522E+02	6.598781E-19
4.079682E+02	6.722992E-19
4.079843E+02	6.804385E-19
4.080004E+02	6.730842E-19
4.080164E+02	6.561168E-19
4.080325E+02	6.324448E-19
4.080485E+02	6.150029E-19
4.080646E+02	6.052423E-19
4.080807E+02	6.078806E-19
4.080967E+02	6.242366E-19
4.081128E+02	6.273678E-19
4.081288E+02	6.342233E-19
4.081449E+02	6.546800E-19
4.081610E+02	6.529174E-19
4.081771E+02	6.573527E-19
4.081931E+02	6.789821E-19
4.082092E+02	6.787474E-19
4.082253E+02	6.725505E-19
4.082413E+02	6.744883E-19
4.082574E+02	6.998928E-19
4.082735E+02	7.474524E-19
4.082896E+02	7.591625E-19
4.083057E+02	7.593499E-19
4.083217E+02	7.542431E-19
4.083378E+02	7.184202E-19
4.083539E+02	7.112572E-19
4.083700E+02	7.299832E-19
4.083861E+02	7.408536E-19
4.084022E+02	7.473943E-19
4.084183E+02	7.495492E-19
4.084343E+02	7.543292E-19
4.084504E+02	7.518218E-19
4.084665E+02	7.473402E-19
4.084826E+02	7.453240E-19
4.084987E+02	7.279452E-19
4.085148E+02	7.244801E-19
4.085309E+02	7.374537E-19
4.085470E+02	7.383386E-19
4.085631E+02	7.383041E-19
4.085792E+02	7.259386E-19
4.085953E+02	7.005236E-19
4.086114E+02	6.929243E-19
4.086275E+02	6.966698E-19
4.086436E+02	7.001357E-19
4.086597E+02	7.008311E-19
4.086758E+02	6.937529E-19
4.086920E+02	6.932467E-19
4.087081E+02	6.952868E-19
4.087242E+02	6.867619E-19
4.087403E+02	6.855863E-19
4.087564E+02	6.840460E-19
4.087725E+02	6.685019E-19
4.087886E+02	6.561830E-19
4.088048E+02	6.488505E-19
4.088209E+02	6.493236E-19
4.088370E+02	6.581425E-19
4.088531E+02	6.630245E-19
4.088693E+02	6.619230E-19
4.088854E+02	6.589615E-19
4.089015E+02	6.648095E-19
4.089176E+02	6.683927E-19
4.089338E+02	6.552171E-19
4.089499E+02	6.484390E-19
4.089660E+02	6.596880E-19
4.089822E+02	6.723926E-19
4.089983E+02	6.713474E-19
4.090144E+02	6.693543E-19
4.090306E+02	6.722980E-19
4.090467E+02	6.566327E-19
4.090629E+02	6.359088E-19
4.090790E+02	6.315356E-19
4.090951E+02	6.230224E-19
4.091113E+02	6.093574E-19
4.091274E+02	6.090475E-19
4.091436E+02	6.102763E-19
4.091597E+02	5.984462E-19
4.091759E+02	5.915010E-19
4.091920E+02	6.037875E-19
4.092082E+02	6.111886E-19
4.092243E+02	6.084418E-19
4.092405E+02	6.196111E-19
4.092566E+02	6.291429E-19
4.092728E+02	6.310588E-19
4.092889E+02	6.353106E-19
4.093051E+02	6.238512E-19
4.093213E+02	6.206212E-19
4.093374E+02	6.396933E-19
4.093536E+02	6.432104E-19
4.093698E+02	6.390058E-19
4.093859E+02	6.431387E-19
4.094021E+02	6.487302E-19
4.094183E+02	6.582163E-19
4.094344E+02	6.645267E-19
4.094506E+02	6.699557E-19
4.094668E+02	6.566991E-19
4.094829E+02	6.391546E-19
4.094991E+02	6.538718E-19
4.095153E+02	6.624303E-19
4.095315E+02	6.542880E-19
4.095476E+02	6.561038E-19
4.095638E+02	6.582983E-19
4.095800E+02	6.528514E-19
4.095962E+02	6.496479E-19
4.096124E+02	6.705936E-19
4.096285E+02	6.876741E-19
4.096447E+02	6.705437E-19
4.096609E+02	6.522061E-19
4.096771E+02	6.397052E-19
4.096933E+02	6.323120E-19
4.097095E+02	6.434072E-19
4.097257E+02	6.466514E-19
4.097419E+02	6.206910E-19
4.097581E+02	6.065615E-19
4.097743E+02	6.081791E-19
4.097905E+02	6.058496E-19
4.098067E+02	6.064797E-19
4.098229E+02	6.018828E-19
4.098391E+02	5.924442E-19
4.098553E+02	5.854457E-19
4.098715E+02	5.891017E-19
4.098877E+02	6.033332E-19
4.099039E+02	6.032959E-19
4.099201E+02	5.985589E-19
4.099363E+02	6.029060E-19
4.099525E+02	6.019191E-19
4.099687E+02	5.996643E-19
4.099849E+02	6.002273E-19
4.100011E+02	5.953806E-19
4.100174E+02	5.945864E-19
4.100336E+02	6.027469E-19
4.100498E+02	6.140790E-19
4.100660E+02	6.278017E-19
4.100822E+02	6.309169E-19
4.100985E+02	6.213751E-19
4.101147E+02	6.054407E-19
4.101309E+02	5.978044E-19
4.101471E+02	6.155534E-19
4.101634E+02	6.315065E-19
4.101796E+02	6.394586E-19
4.101958E+02	6.584057E-19
4.102120E+02	6.630105E-19
4.102283E+02	6.665495E-19
4.102445E+02	6.917376E-19
4.102607E+02	7.003534E-19
4.102770E+02	6.947190E-19
4.102932E+02	7.047884E-19
4.103095E+02	7.202810E-19
4.103257E+02	7.324096E-19
4.103419E+02	7.338208E-19
4.103582E+02	7.199904E-19
4.103744E+02	6.954503E-19
4.103907E+02	6.835027E-19
4.104069E+02	6.929458E-19
4.104232E+02	6.907386E-19
4.104394E+02	6.846018E-19
4.104557E+02	6.915161E-19
4.104719E+02	7.034272E-19
4.104882E+02	7.247360E-19
4.105044E+02	7.398376E-19
4.105207E+02	7.312144E-19
4.105369E+02	7.137720E-19
4.105532E+02	7.156709E-19
4.105694E+02	7.163091E-19
4.105857E+02	6.914434E-19
4.106020E+02	6.819997E-19
4.106182E+02	6.954991E-19
4.106345E+02	7.048480E-19
4.106508E+02	6.885322E-19
4.106670E+02	6.588273E-19
4.106833E+02	6.474102E-19
4.106996E+02	6.536248E-19
4.107158E+02	6.629597E-19
4.107321E+02	6.585423E-19
4.107484E+02	6.467137E-19
4.107646E+02	6.443431E-19
4.107809E+02	6.527528E-19
4.107972E+02	6.655233E-19
4.108135E+02	6.629429E-19
4.108298E+02	6.586860E-19
4.108460E+02	6.724815E-19
4.108623E+02	6.863915E-19
4.108786E+02	6.797712E-19
4.108949E+02	6.613779E-19
4.109112E+02	6.547576E-19
4.109275E+02	6.510947E-19
4.109438E+02	6.398202E-19
4.109600E+02	6.319256E-19
4.109763E+02	6.380743E-19
4.109926E+02	6.505932E-19
4.110089E+02	6.487677E-19
4.110252E+02	6.388338E-19
4.110415E+02	6.167390E-19
4.110578E+02	5.960037E-19
4.110741E+02	6.010807E-19
4.110904E+02	6.035981E-19
4.111067E+02	5.952889E-19
4.111230E+02	5.969810E-19
4.111393E+02	5.996277E-19
4.111556E+02	6.007495E-19
4.111719E+02	6.079904E-19
4.111882E+02	6.018516E-19
4.112045E+02	5.849610E-19
4.112209E+02	5.833106E-19
4.112372E+02	5.844842E-19
4.112535E+02	5.818707E-19
4.112698E+02	5.783726E-19
4.112861E+02	5.734407E-19
4.113024E+02	5.761105E-19
4.113187E+02	5.772415E-19
4.113351E+02	5.706259E-19
4.113514E+02	5.618229E-19
4.113677E+02	5.621227E-19
4.113840E+02	5.629788E-19
4.114004E+02	5.571378E-19
4.114167E+02	5.611844E-19
4.114330E+02	5.544451E-19
4.114493E+02	5.432793E-19
4.114657E+02	5.515856E-19
4.114820E+02	5.575704E-19
4.114983E+02	5.631203E-19
4.115147E+02	5.663803E-19
4.115310E+02	5.480190E-19
4.115473E+02	5.314562E-19
4.115637E+02	5.279023E-19
4.115800E+02	5.270915E-19
4.115964E+02	5.326601E-19
4.116127E+02	5.354654E-19
4.116290E+02	5.298993E-19
4.116454E+02	5.306916E-19
4.116617E+02	5.338829E-19
4.116781E+02	5.350717E-19
4.116944E+02	5.405162E-19
4.117108E+02	5.478877E-19
4.117271E+02	5.569498E-19
4.117435E+02	5.681176E-19
4.117598E+02	5.711049E-19
4.117762E+02	5.627822E-19
4.117925E+02	5.541536E-19
4.118089E+02	5.537317E-19
4.118253E+02	5.508582E-19
4.118416E+02	5.369762E-19
4.118580E+02	5.376447E-19
4.118743E+02	5.452875E-19
4.118907E+02	5.377071E-19
4.119071E+02	5.373617E-19
4.119234E+02	5.455797E-19
4.119398E+02	5.560516E-19
4.119562E+02	5.636606E-19
4.119725E+02	5.572163E-19
4.119889E+02	5.482185E-19
4.120053E+02	5.447245E-19
4.120217E+02	5.471510E-19
4.120380E+02	5.517659E-19
4.120544E+02	5.536585E-19
4.120708E+02	5.423562E-19
4.120872E+02	5.276050E-19
4.121035E+02	5.297923E-19
4.121199E+02	5.417306E-19
4.121363E+02	5.468395E-19
4.121527E+02	5.392753E-19
4.121691E+02	5.449523E-19
4.121855E+02	5.579093E-19
4.122019E+02	5.474429E-19
4.122182E+02	5.450872E-19
4.122346E+02	5.534455E-19
4.122510E+02	5.421166E-19
4.122674E+02	5.320786E-19
4.122838E+02	5.370797E-19
4.123002E+02	5.374612E-19
4.123166E+02	5.309111E-19
4.123330E+02	5.275835E-19
4.123494E+02	5.286556E-19
4.123658E+02	5.304248E-19
4.123822E+02	5.439594E-19
4.123986E+02	5.731031E-19
4.124150E+02	5.805851E-19
4.124314E+02	5.700002E-19
4.124478E+02	5.612215E-19
4.124643E+02	5.537740E-19
4.124807E+02	5.561689E-19
4.124971E+02	5.552935E-19
4.125135E+02	5.620832E-19
4.125299E+02	5.842297E-19
4.125463E+02	6.043291E-19
4.125627E+02	6.081407E-19
4.125792E+02	5.982763E-19
4.125956E+02	6.064363E-19
4.126120E+02	6.177886E-19
4.126284E+02	6.153442E-19
4.126448E+02	6.144640E-19
4.126613E+02	6.142316E-19
4.126777E+02	6.126900E-19
4.126941E+02	6.156452E-19
4.127105E+02	6.292876E-19
4.127270E+02	6.349876E-19
4.127434E+02	6.365242E-19
4.127598E+02	6.437695E-19
4.127763E+02	6.341255E-19
4.127927E+02	6.058894E-19
4.128091E+02	5.979390E-19
4.128256E+02	6.283190E-19
4.128420E+02	6.398162E-19
4.128585E+02	6.315956E-19
4.128749E+02	6.490697E-19
4.128914E+02	6.548071E-19
4.129078E+02	6.365131E-19
4.129242E+02	6.251796E-19
4.129407E+02	6.313728E-19
4.129571E+02	6.512745E-19
4.129736E+02	6.686753E-19
4.129900E+02	6.735072E-19
4.130065E+02	6.767531E-19
4.130229E+02	6.851007E-19
4.130394E+02	7.043323E-19
4.130559E+02	7.326242E-19
4.130723E+02	7.298508E-19
4.130888E+02	7.063312E-19
4.131052E+02	7.085191E-19
4.131217E+02	7.251331E-19
4.131382E+02	7.231269E-19
4.131546E+02	7.215853E-19
4.131711E+02	7.332697E-19
4.131876E+02	7.285024E-19
4.132040E+02	7.238171E-19
4.132205E+02	7.254529E-19
4.132370E+02	7.214184E-19
4.132534E+02	7.187973E-19
4.132699E+02	7.107215E-19
4.132864E+02	7.180883E-19
4.133029E+02	7.355120E-19
4.133193E+02	7.387880E-19
4.133358E+02	7.605447E-19
4.133523E+02	7.993453E-19
4.133688E+02	8.152118E-19
4.133853E+02	8.045897E-19
4.134017E+02	7.914400E-19
4.134182E+02	7.983951E-19
4.134347E+02	7.986498E-19
4.134512E+02	7.880275E-19
4.134677E+02	7.755283E-19
4.134842E+02	7.445915E-19
4.135007E+02	7.473616E-19
4.135172E+02	7.764463E-19
4.135337E+02	7.867662E-19
4.135502E+02	7.976906E-19
4.135667E+02	7.935409E-19
4.135832E+02	7.805107E-19
4.135997E+02	7.726406E-19
4.136162E+02	7.768457E-19
4.136327E+02	7.872002E-19
4.136492E+02	7.781731E-19
4.136657E+02	7.586975E-19
4.136822E+02	7.379475E-19
4.136987E+02	7.382215E-19
4.137152E+02	7.407392E-19
4.137317E+02	7.221035E-19
4.137482E+02	7.068938E-19
4.137647E+02	7.144454E-19
4.137812E+02	7.377742E-19
4.137978E+02	7.374689E-19
4.138143E+02	7.189419E-19
4.138308E+02	6.928073E-19
4.138473E+02	6.773089E-19
4.138638E+02	6.770881E-19
4.138804E+02	6.605749E-19
4.138969E+02	6.470721E-19
4.139134E+02	6.454596E-19
4.139299E+02	6.451903E-19
4.139465E+02	6.371008E-19
4.139630E+02	6.226426E-19
4.139795E+02	6.086255E-19
4.139960E+02	5.966519E-19
4.140126E+02	6.067912E-19
4.140291E+02	6.148737E-19
4.140456E+02	6.024510E-19
4.140622E+02	5.974850E-19
4.140787E+02	5.982171E-19
4.140953E+02	5.928041E-19
4.141118E+02	5.855668E-19
4.141283E+02	5.858264E-19
4.141449E+02	5.785412E-19
4.141614E+02	5.604936E-19
4.141780E+02	5.503092E-19
4.141945E+02	5.467831E-19
4.142111E+02	5.523474E-19
4.142276E+02	5.662215E-19
4.142442E+02	5.728693E-19
4.142607E+02	5.747858E-19
4.142773E+02	5.768132E-19
4.142938E+02	5.678484E-19
4.143104E+02	5.539242E-19
4.143270E+02	5.469561E-19
4.143435E+02	5.432496E-19
4.143601E+02	5.392895E-19
4.143766E+02	5.411327E-19
4.143932E+02	5.502423E-19
4.144098E+02	5.629789E-19
4.144263E+02	5.776587E-19
4.144429E+02	5.837217E-19
4.144595E+02	5.869491E-19
4.144760E+02	5.873448E-19
4.144926E+02	5.781561E-19
4.145092E+02	5.812844E-19
4.145257E+02	5.933500E-19
4.145423E+02	5.972024E-19
4.145589E+02	5.909466E-19
4.145755E+02	5.848399E-19
4.145921E+02	5.958917E-19
4.146086E+02	6.134297E-19
4.146252E+02	6.113184E-19
4.146418E+02	5.997913E-19
4.146584E+02	6.009723E-19
4.146750E+02	5.954816E-19
4.146916E+02	5.872909E-19
4.147081E+02	5.975047E-19
4.147247E+02	6.078453E-19
4.147413E+02	6.013848E-19
4.147579E+02	5.869796E-19
4.147745E+02	5.934186E-19
4.147911E+02	5.972928E-19
4.148077E+02	5.826565E-19
4.148243E+02	6.037802E-19
4.148409E+02	6.262346E-19
4.148575E+02	5.942492E-19
4.148741E+02	5.722851E-19
4.148907E+02	5.811262E-19
4.149073E+02	5.859293E-19
4.149239E+02	5.882793E-19
4.149405E+02	5.912309E-19
4.149571E+02	5.907406E-19
4.149737E+02	6.001645E-19
4.149904E+02	6.030594E-19
4.150070E+02	5.990028E-19
4.150236E+02	6.106921E-19
4.150402E+02	6.272348E-19
4.150568E+02	6.298052E-19
4.150734E+02	6.192509E-19
4.150900E+02	6.121058E-19
4.151067E+02	6.111553E-19
4.151233E+02	6.140223E-19
4.151399E+02	6.147252E-19
4.151565E+02	6.013740E-19
4.151732E+02	5.953937E-19
4.151898E+02	6.023393E-19
4.152064E+02	5.975026E-19
4.152230E+02	6.003158E-19
4.152397E+02	6.183066E-19
4.152563E+02	6.111878E-19
4.152729E+02	5.938959E-19
4.152896E+02	5.781441E-19
4.153062E+02	5.484895E-19
4.153228E+02	5.407236E-19
4.153395E+02	5.583531E-19
4.153561E+02	5.622624E-19
4.153728E+02	5.582508E-19
4.153894E+02	5.576190E-19
4.154061E+02	5.510908E-19
4.154227E+02	5.452685E-19
4.154393E+02	5.430123E-19
4.154560E+02	5.417511E-19
4.154726E+02	5.397336E-19
4.154893E+02	5.344005E-19
4.155059E+02	5.286823E-19
4.155226E+02	5.201908E-19
4.155393E+02	5.151393E-19
4.155559E+02	5.162512E-19
4.155726E+02	5.124270E-19
4.155892E+02	5.045817E-19
4.156059E+02	4.988915E-19
4.156226E+02	4.993531E-19
4.156392E+02	5.009504E-19
4.156559E+02	4.991104E-19
4.156725E+02	4.984791E-19
4.156892E+02	4.953631E-19
4.157059E+02	4.883422E-19
4.157225E+02	4.857807E-19
4.157392E+02	4.852353E-19
4.157559E+02	4.848095E-19
4.157726E+02	4.976244E-19
4.157892E+02	5.070536E-19
4.158059E+02	4.983594E-19
4.158226E+02	4.962810E-19
4.158393E+02	5.037467E-19
4.158560E+02	5.139836E-19
4.158726E+02	5.157275E-19
4.158893E+02	5.059094E-19
4.159060E+02	5.063098E-19
4.159227E+02	5.186014E-19
4.159394E+02	5.267237E-19
4.159561E+02	5.211438E-19
4.159728E+02	5.129648E-19
4.159894E+02	5.099798E-19
4.160061E+02	5.107506E-19
4.160228E+02	5.071851E-19
4.160395E+02	4.965112E-19
4.160562E+02	4.959887E-19
4.160729E+02	4.949350E-19
4.160896E+02	4.892758E-19
4.161063E+02	4.880139E-19
4.161230E+02	4.883794E-19
4.161397E+02	4.991648E-19
4.161564E+02	5.009310E-19
4.161731E+02	4.931301E-19
4.161898E+02	4.997548E-19
4.162065E+02	5.095987E-19
4.162233E+02	5.156973E-19
4.162400E+02	5.161074E-19
4.162567E+02	5.133179E-19
4.162734E+02	5.092125E-19
4.162901E+02	5.080201E-19
4.163068E+02	5.262041E-19
4.163235E+02	5.323629E-19
4.163403E+02	5.015323E-19
4.163570E+02	4.847287E-19
4.163737E+02	4.965775E-19
4.163904E+02	5.058532E-19
4.164072E+02	5.097698E-19
4.164239E+02	5.096586E-19
4.164406E+02	5.015872E-19
4.164573E+02	5.024898E-19
4.164741E+02	5.013737E-19
4.164908E+02	4.859129E-19
4.165075E+02	4.824581E-19
4.165243E+02	4.991241E-19
4.165410E+02	5.133858E-19
4.165577E+02	5.149498E-19
4.165745E+02	5.144918E-19
4.165912E+02	5.116452E-19
4.166080E+02	5.118564E-19
4.166247E+02	5.271361E-19
4.166414E+02	5.338076E-19
4.166582E+02	5.179696E-19
4.166749E+02	5.073542E-19
4.166917E+02	5.098863E-19
4.167084E+02	5.139605E-19
4.167252E+02	5.102998E-19
4.167419E+02	5.033179E-19
4.167587E+02	5.069271E-19
4.167754E+02	5.106475E-19
4.167922E+02	5.073944E-19
4.168089E+02	5.060424E-19
4.168257E+02	4.982774E-19
4.168425E+02	4.983678E-19
4.168592E+02	5.128361E-19
4.168760E+02	5.134399E-19
4.168928E+02	5.061402E-19
4.169095E+02	5.035870E-19
4.169263E+02	5.064263E-19
4.169431E+02	5.112631E-19
4.169598E+02	5.095378E-19
4.169766E+02	5.112585E-19
4.169934E+02	5.138456E-19
4.170101E+02	5.247079E-19
4.170269E+02	5.418374E-19
4.170437E+02	5.354313E-19
4.170605E+02	5.287282E-19
4.170772E+02	5.432342E-19
4.170940E+02	5.594630E-19
4.171108E+02	5.483788E-19
4.171276E+02	5.281337E-19
4.171444E+02	5.309562E-19
4.171612E+02	5.365163E-19
4.171779E+02	5.476059E-19
4.171947E+02	5.643630E-19
4.172115E+02	5.664927E-19
4.172283E+02	5.786913E-19
4.172451E+02	5.905626E-19
4.172619E+02	5.777965E-19
4.172787E+02	5.722782E-19
4.172955E+02	5.912566E-19
4.173123E+02	5.927863E-19
4.173291E+02	5.692158E-19
4.173459E+02	5.643164E-19
4.173627E+02	5.600422E-19
4.173795E+02	5.519605E-19
4.173963E+02	5.577582E-19
4.174131E+02	5.516952E-19
4.174299E+02	5.459496E-19
4.174467E+02	5.599580E-19
4.174635E+02	5.730224E-19
4.174803E+02	5.744128E-19
4.174971E+02	5.607864E-19
4.175140E+02	5.369276E-19
4.175308E+02	5.264538E-19
4.175476E+02	5.412573E-19
4.175644E+02	5.503837E-19
4.175812E+02	5.296275E-19
4.175980E+02	5.154766E-19
4.176149E+02	5.270973E-19
4.176317E+02	5.497796E-19
4.176485E+02	5.540329E-19
4.176653E+02	5.404623E-19
4.176822E+02	5.401661E-19
4.176990E+02	5.387622E-19
4.177158E+02	5.447225E-19
4.177327E+02	5.652864E-19
4.177495E+02	5.603235E-19
4.177663E+02	5.506853E-19
4.177832E+02	5.607570E-19
4.178000E+02	5.873944E-19
4.178168E+02	6.064635E-19
4.178337E+02	5.862335E-19
4.178505E+02	5.714086E-19
4.178673E+02	5.805066E-19
4.178842E+02	5.883461E-19
4.179010E+02	5.939372E-19
4.179179E+02	5.900234E-19
4.179347E+02	5.731935E-19
4.179516E+02	5.734598E-19
4.179684E+02	5.841668E-19
4.179853E+02	5.676686E-19
4.180021E+02	5.433552E-19
4.180190E+02	5.369193E-19
4.180358E+02	5.393894E-19
4.180527E+02	5.412595E-19
4.180696E+02	5.511926E-19
4.180864E+02	5.644318E-19
4.181033E+02	5.732087E-19
4.181201E+02	5.890317E-19
4.181370E+02	5.935822E-19
4.181539E+02	5.866516E-19
4.181707E+02	5.841316E-19
4.181876E+02	5.856517E-19
4.182045E+02	5.984697E-19
4.182213E+02	6.028611E-19
4.182382E+02	5.983785E-19
4.182551E+02	5.953569E-19
4.182720E+02	5.744258E-19
4.182888E+02	5.596074E-19
4.183057E+02	5.702608E-19
4.183226E+02	5.713226E-19
4.183395E+02	5.730829E-19
4.183564E+02	5.882724E-19
4.183732E+02	5.836470E-19
4.183901E+02	5.807268E-19
4.184070E+02	5.756209E-19
4.184239E+02	5.723088E-19
4.184408E+02	5.861206E-19
4.184577E+02	5.883241E-19
4.184746E+02	6.069183E-19
4.184915E+02	6.188699E-19
4.185084E+02	6.107166E-19
4.185252E+02	6.237276E-19
4.185421E+02	6.260879E-19
4.185590E+02	6.170945E-19
4.185759E+02	5.964811E-19
4.185928E+02	5.907628E-19
4.186097E+02	6.151873E-19
4.186266E+02	6.228257E-19
4.186436E+02	6.203433E-19
4.186605E+02	6.103754E-19
4.186774E+02	6.054350E-19
4.186943E+02	6.088743E-19
4.187112E+02	5.918619E-19
4.187281E+02	5.815855E-19
4.187450E+02	5.834619E-19
4.187619E+02	5.719660E-19
4.187788E+02	5.522226E-19
4.187958E+02	5.481130E-19
4.188127E+02	5.527634E-19
4.188296E+02	5.429745E-19
4.188465E+02	5.383658E-19
4.188634E+02	5.496968E-19
4.188804E+02	5.586365E-19
4.188973E+02	5.566975E-19
4.189142E+02	5.460446E-19
4.189311E+02	5.397146E-19
4.189481E+02	5.442640E-19
4.189650E+02	5.379473E-19
4.189819E+02	5.259047E-19
4.189989E+02	5.384291E-19
4.190158E+02	5.522781E-19
4.190327E+02	5.508971E-19
4.190497E+02	5.529760E-19
4.190666E+02	5.532832E-19
4.190836E+02	5.599878E-19
4.191005E+02	5.602448E-19
4.191174E+02	5.422189E-19
4.191344E+02	5.366904E-19
4.191513E+02	5.421361E-19
4.191683E+02	5.512569E-19
4.191852E+02	5.664845E-19
4.192022E+02	5.809540E-19
4.192191E+02	5.955085E-19
4.192361E+02	5.992253E-19
4.192530E+02	5.943831E-19
4.192700E+02	6.085831E-19
4.192869E+02	6.338827E-19
4.193039E+02	6.371251E-19
4.193209E+02	6.182354E-19
4.193378E+02	6.015973E-19
4.193548E+02	6.047555E-19
4.193717E+02	6.104027E-19
4.193887E+02	6.107102E-19
4.194057E+02	6.174666E-19
4.194226E+02	6.112932E-19
4.194396E+02	6.027880E-19
4.194566E+02	6.001570E-19
4.194736E+02	5.908754E-19
4.194905E+02	5.891301E-19
4.195075E+02	5.914027E-19
4.195245E+02	5.929535E-19
4.195415E+02	6.039006E-19
4.195584E+02	6.130885E-19
4.195754E+02	6.141219E-19
4.195924E+02	6.288367E-19
4.196094E+02	6.395470E-19
4.196264E+02	6.426432E-19
4.196433E+02	6.607751E-19
4.196603E+02	6.441759E-19
4.196773E+02	6.187086E-19
4.196943E+02	6.121856E-19
4.197113E+02	6.039605E-19
4.197283E+02	6.219678E-19
4.197453E+02	6.350606E-19
4.197623E+02	6.261149E-19
4.197793E+02	6.352023E-19
4.197963E+02	6.447606E-19
4.198133E+02	6.373239E-19
4.198303E+02	6.292559E-19
4.198473E+02	6.311070E-19
4.198643E+02	6.317877E-19
4.198813E+02	6.187382E-19
4.198983E+02	6.097011E-19
4.199153E+02	6.183231E-19
4.199323E+02	6.130642E-19
4.199493E+02	5.977697E-19
4.199663E+02	5.937230E-19
4.199833E+02	5.915850E-19
4.200004E+02	5.968437E-19
4.200174E+02	5.959256E-19
4.200344E+02	5.939542E-19
4.200514E+02	5.906830E-19
4.200684E+02	5.706247E-19
4.200855E+02	5.649602E-19
4.201025E+02	5.780715E-19
4.201195E+02	5.934473E-19
4.201365E+02	6.064259E-19
4.201536E+02	6.106691E-19
4.201706E+02	6.095534E-19
4.201876E+02	6.243379E-19
4.202046E+02	6.382628E-19
4.202217E+02	6.231352E-19
4.202387E+02	6.227031E-19
4.202557E+02	6.417911E-19
4.202728E+02	6.351470E-19
4.202898E+02	6.146754E-19
4.203069E+02	6.203278E-19
4.203239E+02	6.326522E-19
4.203409E+02	6.279101E-19
4.203580E+02	6.195413E-19
4.203750E+02	6.143661E-19
4.203921E+02	6.212376E-19
4.204091E+02	6.171267E-19
4.204262E+02	6.130401E-19
4.204432E+02	6.102290E-19
4.204603E+02	5.962464E-19
4.204773E+02	5.996759E-19
4.204944E+02	6.131358E-19
4.205114E+02	6.348809E-19
4.205285E+02	6.222546E-19
4.205456E+02	6.029986E-19
4.205626E+02	6.131083E-19
4.205797E+02	5.972716E-19
4.205967E+02	5.982815E-19
4.206138E+02	5.987032E-19
4.206309E+02	5.728847E-19
4.206479E+02	5.794551E-19
4.206650E+02	6.087315E-19
4.206821E+02	6.088404E-19
4.206991E+02	5.826720E-19
4.207162E+02	5.876115E-19
4.207333E+02	6.052623E-19
4.207504E+02	6.150590E-19
4.207674E+02	6.223284E-19
4.207845E+02	6.287272E-19
4.208016E+02	6.522692E-19
4.208187E+02	6.597352E-19
4.208358E+02	6.660757E-19
4.208528E+02	6.713242E-19
4.208699E+02	6.628366E-19
4.208870E+02	6.524085E-19
4.209041E+02	6.226809E-19
4.209212E+02	6.105703E-19
4.209383E+02	6.200963E-19
4.209554E+02	6.246642E-19
4.209725E+02	6.299239E-19
4.209896E+02	6.410742E-19
4.210067E+02	6.379435E-19
4.210238E+02	6.370645E-19
4.210409E+02	6.556045E-19
4.210580E+02	6.503177E-19
4.210751E+02	6.302546E-19
4.210922E+02	6.095745E-19
4.211093E+02	5.999607E-19
4.211264E+02	6.122018E-19
4.211435E+02	6.172125E-19
4.211606E+02	6.132349E-19
4.211777E+02	6.116222E-19
4.211948E+02	6.094975E-19
4.212119E+02	6.016363E-19
4.212290E+02	5.969506E-19
4.212461E+02	5.864677E-19
4.212633E+02	5.691015E-19
4.212804E+02	5.705826E-19
4.212975E+02	5.952438E-19
4.213146E+02	6.165043E-19
4.213317E+02	5.924314E-19
4.213489E+02	5.657769E-19
4.213660E+02	5.710045E-19
4.213831E+02	5.814341E-19
4.214002E+02	5.763541E-19
4.214174E+02	5.641564E-19
4.214345E+02	5.726128E-19
4.214516E+02	5.793642E-19
4.214688E+02	5.748682E-19
4.214859E+02	5.733050E-19
4.215030E+02	5.601454E-19
4.215202E+02	5.524214E-19
4.215373E+02	5.662132E-19
4.215545E+02	5.893027E-19
4.215716E+02	5.917977E-19
4.215887E+02	5.818520E-19
4.216059E+02	5.887816E-19
4.216230E+02	6.023929E-19
4.216402E+02	6.029330E-19
4.216573E+02	5.886952E-19
4.216745E+02	5.807945E-19
4.216916E+02	5.763847E-19
4.217088E+02	5.652787E-19
4.217259E+02	5.694048E-19
4.217431E+02	5.917724E-19
4.217603E+02	6.084858E-19
4.217774E+02	6.229264E-19
4.217946E+02	6.349855E-19
4.218117E+02	6.212584E-19
4.218289E+02	6.194949E-19
4.218461E+02	6.460588E-19
4.218632E+02	6.572303E-19
4.218804E+02	6.529640E-19
4.218976E+02	6.411382E-19
4.219147E+02	6.301694E-19
4.219319E+02	6.531472E-19
4.219491E+02	6.873844E-19
4.219663E+02	6.926903E-19
4.219834E+02	6.798405E-19
4.220006E+02	6.494083E-19
4.220178E+02	6.328686E-19
4.220350E+02	6.466503E-19
4.220521E+02	6.540589E-19
4.220693E+02	6.564124E-19
4.220865E+02	6.705024E-19
4.221037E+02	6.702302E-19
4.221209E+02	6.452590E-19
4.221381E+02	6.416479E-19
4.221553E+02	6.438935E-19
4.221725E+02	6.074094E-19
4.221896E+02	5.882445E-19
4.222068E+02	6.087181E-19
4.222240E+02	6.334020E-19
4.222412E+02	6.350075E-19
4.222584E+02	6.112335E-19
4.222756E+02	5.992984E-19
4.222928E+02	6.135916E-19
4.223100E+02	6.284286E-19
4.223272E+02	6.277154E-19
4.223444E+02	6.166576E-19
4.223616E+02	6.176062E-19
4.223789E+02	6.336548E-19
4.223961E+02	6.354559E-19
4.224133E+02	6.331697E-19
4.224305E+02	6.273928E-19
4.224477E+02	6.155930E-19
4.224649E+02	6.231916E-19
4.224821E+02	6.194791E-19
4.224993E+02	6.159053E-19
4.225166E+02	6.408908E-19
4.225338E+02	6.509135E-19
4.225510E+02	6.327640E-19
4.225682E+02	6.107818E-19
4.225855E+02	6.062123E-19
4.226027E+02	6.019408E-19
4.226199E+02	5.877255E-19
4.226371E+02	5.952138E-19
4.226544E+02	6.155267E-19
4.226716E+02	6.243036E-19
4.226888E+02	6.106425E-19
4.227061E+02	5.853685E-19
4.227233E+02	5.809309E-19
4.227405E+02	5.987566E-19
4.227578E+02	6.154658E-19
4.227750E+02	6.104090E-19
4.227923E+02	5.959684E-19
4.228095E+02	5.926572E-19
4.228267E+02	5.848460E-19
4.228440E+02	5.783552E-19
4.228612E+02	5.888596E-19
4.228785E+02	5.996509E-19
4.228957E+02	6.169867E-19
4.229130E+02	6.280631E-19
4.229302E+02	6.021823E-19
4.229475E+02	5.796929E-19
4.229647E+02	5.782091E-19
4.229820E+02	5.802966E-19
4.229993E+02	5.892760E-19
4.230165E+02	5.895536E-19
4.230338E+02	5.755766E-19
4.230510E+02	5.819509E-19
4.230683E+02	5.942672E-19
4.230856E+02	5.901565E-19
4.231028E+02	5.868171E-19
4.231201E+02	5.776614E-19
4.231374E+02	5.661186E-19
4.231547E+02	5.531415E-19
4.231719E+02	5.486931E-19
4.231892E+02	5.731519E-19
4.232065E+02	5.922045E-19
4.232237E+02	6.031842E-19
4.232410E+02	6.381946E-19
4.232583E+02	6.566946E-19
4.232756E+02	6.446275E-19
4.232929E+02	6.397603E-19
4.233102E+02	6.317140E-19
4.233274E+02	6.170223E-19
4.233447E+02	6.047000E-19
4.233620E+02	5.878112E-19
4.233793E+02	5.770962E-19
4.233966E+02	5.753012E-19
4.234139E+02	5.871923E-19
4.234312E+02	6.214861E-19
4.234485E+02	6.480621E-19
4.234658E+02	6.586601E-19
4.234831E+02	6.769453E-19
4.235004E+02	6.738568E-19
4.235177E+02	6.408470E-19
4.235350E+02	6.246682E-19
4.235523E+02	6.300527E-19
4.235696E+02	6.349401E-19
4.235869E+02	6.249695E-19
4.236042E+02	6.139903E-19
4.236215E+02	6.267999E-19
4.236388E+02	6.363505E-19
4.236561E+02	6.316031E-19
4.236734E+02	6.278140E-19
4.236907E+02	6.103006E-19
4.237081E+02	6.029955E-19
4.237254E+02	6.110116E-19
4.237427E+02	6.061043E-19
4.237600E+02	6.093385E-19
4.237773E+02	6.307188E-19
4.237947E+02	6.563431E-19
4.238120E+02	6.731278E-19
4.238293E+02	6.609496E-19
4.238466E+02	6.463507E-19
4.238640E+02	6.411835E-19
4.238813E+02	6.383390E-19
4.238986E+02	6.391088E-19
4.239160E+02	6.292555E-19
4.239333E+02	6.272676E-19
4.239506E+02	6.248395E-19
4.239680E+02	6.134994E-19
4.239853E+02	6.333698E-19
4.240027E+02	6.588548E-19
4.240200E+02	6.491874E-19
4.240373E+02	6.396497E-19
4.240547E+02	6.453515E-19
4.240720E+02	6.703486E-19
4.240894E+02	7.214624E-19
4.241067E+02	7.218276E-19
4.241241E+02	6.690688E-19
4.241414E+02	6.326515E-19
4.241588E+02	6.080936E-19
4.241761E+02	6.087243E-19
4.241935E+02	6.061563E-19
4.242108E+02	5.962305E-19
4.242282E+02	6.144433E-19
4.242456E+02	6.291555E-19
4.242629E+02	6.250164E-19
4.242803E+02	6.099269E-19
4.242977E+02	6.188643E-19
4.243150E+02	6.493505E-19
4.243324E+02	6.557542E-19
4.243498E+02	6.479160E-19
4.243671E+02	6.397673E-19
4.243845E+02	6.648162E-19
4.244019E+02	6.908272E-19
4.244192E+02	6.926715E-19
4.244366E+02	7.072763E-19
4.244540E+02	7.026046E-19
4.244714E+02	7.026240E-19
4.244888E+02	6.929973E-19
4.245061E+02	6.678911E-19
4.245235E+02	6.647961E-19
4.245409E+02	6.589983E-19
4.245583E+02	6.674733E-19
4.245757E+02	6.768244E-19
4.245931E+02	6.620672E-19
4.246105E+02	6.657292E-19
4.246278E+02	6.775036E-19
4.246452E+02	6.623071E-19
4.246626E+02	6.579862E-19
4.246800E+02	6.706520E-19
4.246974E+02	6.510197E-19
4.247148E+02	6.398022E-19
4.247322E+02	6.469725E-19
4.247496E+02	6.397297E-19
4.247670E+02	6.560930E-19
4.247844E+02	6.686514E-19
4.248018E+02	6.462011E-19
4.248192E+02	6.413768E-19
4.248367E+02	6.485981E-19
4.248541E+02	6.414619E-19
4.248715E+02	6.299388E-19
4.248889E+02	6.307876E-19
4.249063E+02	6.290363E-19
4.249237E+02	6.017096E-19
4.249411E+02	5.846797E-19
4.249586E+02	5.863013E-19
4.249760E+02	5.854627E-19
4.249934E+02	5.962457E-19
4.250108E+02	5.917468E-19
4.250282E+02	5.636838E-19
4.250457E+02	5.682164E-19
4.250631E+02	5.841144E-19
4.250805E+02	5.596807E-19
4.250980E+02	5.382454E-19
4.251154E+02	5.559519E-19
4.251328E+02	5.732659E-19
4.251503E+02	5.677913E-19
4.251677E+02	5.685700E-19
4.251851E+02	5.619380E-19
4.252026E+02	5.511146E-19
4.252200E+02	5.548626E-19
4.252374E+02	5.478772E-19
4.252549E+02	5.373689E-19
4.252723E+02	5.312202E-19
4.252898E+02	5.266754E-19
4.253072E+02	5.312128E-19
4.253247E+02	5.277210E-19
4.253421E+02	5.250963E-19
4.253596E+02	5.240321E-19
4.253770E+02	5.283281E-19
4.253945E+02	5.544697E-19
4.254119E+02	5.648789E-19
4.254294E+02	5.656943E-19
4.254469E+02	5.624041E-19
4.254643E+02	5.442893E-19
4.254818E+02	5.449421E-19
4.254992E+02	5.386076E-19
4.255167E+02	5.353451E-19
4.255342E+02	5.666120E-19
4.255516E+02	5.783504E-19
4.255691E+02	5.543671E-19
4.255866E+02	5.334353E-19
4.256040E+02	5.176401E-19
4.256215E+02	5.013128E-19
4.256390E+02	4.983271E-19
4.256565E+02	5.045930E-19
4.256739E+02	5.064170E-19
4.256914E+02	5.166333E-19
4.257089E+02	5.233482E-19
4.257264E+02	5.072878E-19
4.257439E+02	4.934170E-19
4.257614E+02	4.985997E-19
4.257788E+02	5.012098E-19
4.257963E+02	4.871909E-19
4.258138E+02	4.767317E-19
4.258313E+02	4.761902E-19
4.258488E+02	4.758480E-19
4.258663E+02	4.733982E-19
4.258838E+02	4.741250E-19
4.259013E+02	4.815650E-19
4.259188E+02	4.930113E-19
4.259363E+02	5.023677E-19
4.259538E+02	4.957870E-19
4.259713E+02	4.778432E-19
4.259888E+02	4.679307E-19
4.260063E+02	4.656853E-19
4.260238E+02	4.602802E-19
4.260413E+02	4.462673E-19
4.260588E+02	4.348401E-19
4.260763E+02	4.394439E-19
4.260938E+02	4.534218E-19
4.261113E+02	4.647436E-19
4.261289E+02	4.638730E-19
4.261464E+02	4.517716E-19
4.261639E+02	4.464604E-19
4.261814E+02	4.485165E-19
4.261989E+02	4.482300E-19
4.262165E+02	4.465810E-19
4.262340E+02	4.479001E-19
4.262515E+02	4.558969E-19
4.262690E+02	4.639272E-19
4.262866E+02	4.704929E-19
4.263041E+02	4.729698E-19
4.263216E+02	4.671836E-19
4.263391E+02	4.681868E-19
4.263567E+02	4.735708E-19
4.263742E+02	4.717349E-19
4.263917E+02	4.665435E-19
4.264093E+02	4.607607E-19
4.264268E+02	4.575421E-19
4.264444E+02	4.557414E-19
4.264619E+02	4.500540E-19
4.264794E+02	4.490333E-19
4.264970E+02	4.584754E-19
4.265145E+02	4.653314E-19
4.265321E+02	4.655702E-19
4.265496E+02	4.622876E-19
4.265672E+02	4.628787E-19
4.265847E+02	4.652456E-19
4.266023E+02	4.532577E-19
4.266198E+02	4.465769E-19
4.266374E+02	4.479964E-19
4.266550E+02	4.419444E-19
4.266725E+02	4.452295E-19
4.266901E+02	4.526037E-19
4.267076E+02	4.477281E-19
4.267252E+02	4.405170E-19
4.267428E+02	4.405418E-19
4.267603E+02	4.445527E-19
4.267779E+02	4.430901E-19
4.267955E+02	4.399365E-19
4.268130E+02	4.474793E-19
4.268306E+02	4.596739E-19
4.268482E+02	4.659836E-19
4.268658E+02	4.745205E-19
4.268833E+02	4.900747E-19
4.269009E+02	5.042600E-19
4.269185E+02	4.986661E-19
4.269361E+02	4.844081E-19
4.269537E+02	4.921783E-19
4.269713E+02	5.111995E-19
4.269888E+02	5.296985E-19
4.270064E+02	5.535868E-19
4.270240E+02	5.736176E-19
4.270416E+02	5.835938E-19
4.270592E+02	5.893398E-19
4.270768E+02	5.905339E-19
4.270944E+02	5.764091E-19
4.271120E+02	5.535430E-19
4.271296E+02	5.329608E-19
4.271472E+02	5.260607E-19
4.271648E+02	5.355933E-19
4.271824E+02	5.419102E-19
4.272000E+02	5.436361E-19
4.272176E+02	5.550311E-19
4.272352E+02	5.800897E-19
4.272528E+02	5.983329E-19
4.272704E+02	5.942229E-19
4.272880E+02	5.948334E-19
4.273056E+02	6.035112E-19
4.273232E+02	6.010377E-19
4.273408E+02	5.922068E-19
4.273585E+02	5.967640E-19
4.273761E+02	6.280618E-19
4.273937E+02	6.536096E-19
4.274113E+02	6.455900E-19
4.274289E+02	6.419661E-19
4.274466E+02	6.380154E-19
4.274642E+02	6.222303E-19
4.274818E+02	6.219467E-19
4.274994E+02	6.256195E-19
4.275171E+02	6.179079E-19
4.275347E+02	6.019185E-19
4.275523E+02	5.870453E-19
4.275700E+02	5.884454E-19
4.275876E+02	5.942237E-19
4.276052E+02	5.858625E-19
4.276229E+02	5.728400E-19
4.276405E+02	5.677225E-19
4.276582E+02	5.721426E-19
4.276758E+02	5.926694E-19
4.276934E+02	6.092751E-19
4.277111E+02	6.057734E-19
4.277287E+02	6.101139E-19
4.277464E+02	6.169281E-19
4.277640E+02	6.326088E-19
4.277817E+02	6.687954E-19
4.277993E+02	6.637099E-19
4.278170E+02	6.214719E-19
4.278346E+02	6.016172E-19
4.278523E+02	5.979483E-19
4.278700E+02	5.939149E-19
4.278876E+02	5.831057E-19
4.279053E+02	5.775567E-19
4.279229E+02	5.996759E-19
4.279406E+02	6.285812E-19
4.279583E+02	6.365879E-19
4.279759E+02	6.286958E-19
4.279936E+02	6.261780E-19
4.280113E+02	6.340206E-19
4.280289E+02	6.333079E-19
4.280466E+02	6.432133E-19
4.280643E+02	6.656307E-19
4.280820E+02	6.703910E-19
4.280996E+02	6.559134E-19
4.281173E+02	6.348366E-19
4.281350E+02	6.190555E-19
4.281527E+02	6.044573E-19
4.281704E+02	5.989282E-19
4.281880E+02	5.992309E-19
4.282057E+02	5.935046E-19
4.282234E+02	6.000339E-19
4.282411E+02	6.132885E-19
4.282588E+02	6.107540E-19
4.282765E+02	6.056654E-19
4.282942E+02	6.052033E-19
4.283119E+02	5.961002E-19
4.283296E+02	5.869718E-19
4.283473E+02	5.843396E-19
4.283650E+02	5.841896E-19
4.283827E+02	5.880534E-19
4.284004E+02	6.060533E-19
4.284181E+02	6.217149E-19
4.284358E+02	6.048656E-19
4.284535E+02	6.015593E-19
4.284712E+02	6.135981E-19
4.284889E+02	5.993002E-19
4.285066E+02	5.777508E-19
4.285243E+02	5.664914E-19
4.285420E+02	5.667952E-19
4.285598E+02	5.655842E-19
4.285775E+02	5.598436E-19
4.285952E+02	5.473245E-19
4.286129E+02	5.395517E-19
4.286306E+02	5.374040E-19
4.286483E+02	5.163933E-19
4.286661E+02	5.069497E-19
4.286838E+02	5.159367E-19
4.287015E+02	5.296457E-19
4.287193E+02	5.424470E-19
4.287370E+02	5.345776E-19
4.287547E+02	5.207078E-19
4.287724E+02	5.172870E-19
4.287902E+02	5.288171E-19
4.288079E+02	5.360316E-19
4.288257E+02	5.334119E-19
4.288434E+02	5.355807E-19
4.288611E+02	5.296676E-19
4.288789E+02	5.255803E-19
4.288966E+02	5.370857E-19
4.289144E+02	5.459451E-19
4.289321E+02	5.363970E-19
4.289499E+02	5.377131E-19
4.289676E+02	5.474123E-19
4.289853E+02	5.287912E-19
4.290031E+02	5.069437E-19
4.290209E+02	5.043438E-19
4.290386E+02	5.157449E-19
4.290564E+02	5.207975E-19
4.290741E+02	5.105792E-19
4.290919E+02	4.993793E-19
4.291096E+02	4.888437E-19
4.291274E+02	4.858041E-19
4.291452E+02	4.837866E-19
4.291629E+02	4.687430E-19
4.291807E+02	4.540241E-19
4.291985E+02	4.486914E-19
4.292162E+02	4.516194E-19
4.292340E+02	4.693354E-19
4.292518E+02	4.910360E-19
4.292696E+02	4.963382E-19
4.292873E+02	4.808755E-19
4.293051E+02	4.594077E-19
4.293229E+02	4.542683E-19
4.293407E+02	4.530463E-19
4.293584E+02	4.520790E-19
4.293762E+02	4.561078E-19
4.293940E+02	4.536238E-19
4.294118E+02	4.551063E-19
4.294296E+02	4.526093E-19
4.294474E+02	4.425696E-19
4.294652E+02	4.349737E-19
4.294830E+02	4.273071E-19
4.295007E+02	4.305519E-19
4.295185E+02	4.399610E-19
4.295363E+02	4.385912E-19
4.295541E+02	4.374589E-19
4.295719E+02	4.504364E-19
4.295897E+02	4.576668E-19
4.296075E+02	4.469136E-19
4.296253E+02	4.352925E-19
4.296431E+02	4.334866E-19
4.296609E+02	4.368959E-19
4.296788E+02	4.331853E-19
4.296966E+02	4.315043E-19
4.297144E+02	4.352491E-19
4.297322E+02	4.414131E-19
4.297500E+02	4.423633E-19
4.297678E+02	4.237608E-19
4.297856E+02	4.194987E-19
4.298034E+02	4.333753E-19
4.298213E+02	4.347510E-19
4.298391E+02	4.354897E-19
4.298569E+02	4.401414E-19
4.298747E+02	4.419512E-19
4.298926E+02	4.354478E-19
4.299104E+02	4.257366E-19
4.299282E+02	4.333836E-19
4.299460E+02	4.463576E-19
4.299639E+02	4.522929E-19
4.299817E+02	4.586475E-19
4.299995E+02	4.647937E-19
4.300174E+02	4.727971E-19
4.300352E+02	4.691900E-19
4.300531E+02	4.592944E-19
4.300709E+02	4.703385E-19
4.300887E+02	4.879634E-19
4.301066E+02	5.001067E-19
4.301244E+02	5.288775E-19
4.301423E+02	5.519876E-19
4.301601E+02	5.339568E-19
4.301780E+02	5.148145E-19
4.301958E+02	5.065754E-19
4.302137E+02	5.022912E-19
4.302315E+02	5.175679E-19
4.302494E+02	5.295875E-19
4.302672E+02	5.251975E-19
4.302851E+02	5.146659E-19
4.303029E+02	5.167493E-19
4.303208E+02	5.356459E-19
4.303387E+02	5.373268E-19
4.303565E+02	5.618889E-19
4.303744E+02	6.129741E-19
4.303923E+02	6.189002E-19
4.304101E+02	6.189861E-19
4.304280E+02	6.079240E-19
4.304459E+02	5.728287E-19
4.304637E+02	5.661204E-19
4.304816E+02	5.874001E-19
4.304995E+02	6.243313E-19
4.305174E+02	6.452430E-19
4.305353E+02	6.374400E-19
4.305531E+02	6.326417E-19
4.305710E+02	6.241650E-19
4.305889E+02	6.060719E-19
4.306068E+02	5.935232E-19
4.306247E+02	6.110286E-19
4.306426E+02	6.307804E-19
4.306604E+02	6.008688E-19
4.306783E+02	5.709973E-19
4.306962E+02	5.793026E-19
4.307141E+02	6.031054E-19
4.307320E+02	6.082790E-19
4.307499E+02	6.073266E-19
4.307678E+02	6.203323E-19
4.307857E+02	6.218769E-19
4.308036E+02	6.082514E-19
4.308215E+02	6.006627E-19
4.308394E+02	6.189313E-19
4.308573E+02	6.386545E-19
4.308752E+02	6.363215E-19
4.308931E+02	6.497375E-19
4.309110E+02	6.536041E-19
4.309290E+02	6.338189E-19
4.309469E+02	6.275476E-19
4.309648E+02	6.376202E-19
4.309827E+02	6.569484E-19
4.310006E+02	6.511945E-19
4.310185E+02	6.351540E-19
4.310365E+02	6.454068E-19
4.310544E+02	6.369087E-19
4.310723E+02	6.080137E-19
4.310902E+02	5.915495E-19
4.311082E+02	5.668390E-19
4.311261E+02	5.549300E-19
4.311440E+02	5.736748E-19
4.311619E+02	5.879141E-19
4.311799E+02	5.969441E-19
4.311978E+02	6.067524E-19
4.312157E+02	6.000402E-19
4.312337E+02	5.933166E-19
4.312516E+02	5.983744E-19
4.312696E+02	6.013221E-19
4.312875E+02	6.037568E-19
4.313054E+02	5.986995E-19
4.313234E+02	5.860979E-19
4.313413E+02	5.973036E-19
4.313593E+02	6.042918E-19
4.313772E+02	5.905339E-19
4.313952E+02	5.962772E-19
4.314131E+02	6.019685E-19
4.314311E+02	5.924855E-19
4.314490E+02	5.883009E-19
4.314670E+02	5.868269E-19
4.314850E+02	5.844010E-19
4.315029E+02	5.851584E-19
4.315209E+02	5.797976E-19
4.315388E+02	5.703554E-19
4.315568E+02	5.763556E-19
4.315748E+02	5.907274E-19
4.315927E+02	5.996500E-19
4.316107E+02	5.895860E-19
4.316287E+02	5.708695E-19
4.316466E+02	5.734776E-19
4.316646E+02	5.725346E-19
4.316826E+02	5.563574E-19
4.317006E+02	5.540572E-19
4.317185E+02	5.517975E-19
4.317365E+02	5.363509E-19
4.317545E+02	5.320031E-19
4.317725E+02	5.397100E-19
4.317905E+02	5.421592E-19
4.318084E+02	5.409050E-19
4.318264E+02	5.353566E-19
4.318444E+02	5.314766E-19
4.318624E+02	5.429787E-19
4.318804E+02	5.521943E-19
4.318984E+02	5.359334E-19
4.319164E+02	5.146781E-19
4.319344E+02	5.164158E-19
4.319524E+02	5.242228E-19
4.319704E+02	5.116790E-19
4.319884E+02	5.057386E-19
4.320064E+02	5.128369E-19
4.320244E+02	5.028612E-19
4.320424E+02	4.906525E-19
4.320604E+02	4.938324E-19
4.320784E+02	4.912739E-19
4.320964E+02	4.719252E-19
4.321144E+02	4.643674E-19
4.321324E+02	4.754526E-19
4.321504E+02	4.744683E-19
4.321685E+02	4.698694E-19
4.321865E+02	4.717558E-19
4.322045E+02	4.673530E-19
4.322225E+02	4.650940E-19
4.322405E+02	4.642643E-19
4.322585E+02	4.667028E-19
4.322766E+02	4.781293E-19
4.322946E+02	4.848308E-19
4.323126E+02	4.757512E-19
4.323306E+02	4.608351E-19
4.323487E+02	4.583498E-19
4.323667E+02	4.629187E-19
4.323847E+02	4.635144E-19
4.324028E+02	4.659952E-19
4.324208E+02	4.661235E-19
4.324388E+02	4.562911E-19
4.324569E+02	4.427668E-19
4.324749E+02	4.349694E-19
4.324930E+02	4.316571E-19
4.325110E+02	4.265202E-19
4.325291E+02	4.249298E-19
4.325471E+02	4.258863E-19
4.325651E+02	4.250529E-19
4.325832E+02	4.285212E-19
4.326012E+02	4.401518E-19
4.326193E+02	4.604203E-19
4.326374E+02	4.675586E-19
4.326554E+02	4.579457E-19
4.326735E+02	4.597079E-19
4.326915E+02	4.650206E-19
4.327096E+02	4.663527E-19
4.327276E+02	4.673471E-19
4.327457E+02	4.592319E-19
4.327638E+02	4.498084E-19
4.327818E+02	4.456742E-19
4.327999E+02	4.472893E-19
4.328180E+02	4.586947E-19
4.328360E+02	4.654403E-19
4.328541E+02	4.628693E-19
4.328722E+02	4.687405E-19
4.328903E+02	4.793978E-19
4.329083E+02	4.913530E-19
4.329264E+02	4.980914E-19
4.329445E+02	4.944162E-19
4.329626E+02	4.992112E-19
4.329807E+02	5.042675E-19
4.329987E+02	4.993715E-19
4.330168E+02	4.964908E-19
4.330349E+02	5.090656E-19
4.330530E+02	5.275330E-19
4.330711E+02	5.216101E-19
4.330892E+02	5.053276E-19
4.331073E+02	5.028357E-19
4.331254E+02	5.141767E-19
4.331435E+02	5.233700E-19
4.331616E+02	5.191298E-19
4.331797E+02	5.126994E-19
4.331978E+02	5.158102E-19
4.332159E+02	5.202287E-19
4.332340E+02	5.153314E-19
4.332521E+02	5.203680E-19
4.332702E+02	5.328712E-19
4.332883E+02	5.461477E-19
4.333064E+02	5.522507E-19
4.333245E+02	5.399842E-19
4.333426E+02	5.421708E-19
4.333607E+02	5.463657E-19
4.333789E+02	5.464996E-19
4.333970E+02	5.516608E-19
4.334151E+02	5.486732E-19
4.334332E+02	5.675905E-19
4.334513E+02	5.845963E-19
4.334695E+02	5.737339E-19
4.334876E+02	5.705783E-19
4.335057E+02	5.736888E-19
4.335238E+02	5.872646E-19
4.335420E+02	5.880540E-19
4.335601E+02	5.599863E-19
4.335782E+02	5.516865E-19
4.335964E+02	5.605595E-19
4.336145E+02	5.708960E-19
4.336326E+02	5.749855E-19
4.336508E+02	5.607102E-19
4.336689E+02	5.667102E-19
4.336871E+02	5.831495E-19
4.337052E+02	5.900172E-19
4.337233E+02	6.026756E-19
4.337415E+02	6.081524E-19
4.337596E+02	6.196152E-19
4.337778E+02	6.115141E-19
4.337959E+02	5.874918E-19
4.338141E+02	5.793373E-19
4.338322E+02	5.756046E-19
4.338504E+02	5.959126E-19
4.338685E+02	6.047299E-19
4.338867E+02	5.946303E-19
4.339049E+02	5.986189E-19
4.339230E+02	5.852319E-19
4.339412E+02	5.845426E-19
4.339594E+02	6.065035E-19
4.339775E+02	6.176913E-19
4.339957E+02	6.186668E-19
4.340139E+02	6.047969E-19
4.340320E+02	5.908513E-19
4.340502E+02	5.837492E-19
4.340684E+02	5.785441E-19
4.340865E+02	5.805015E-19
4.341047E+02	5.792009E-19
4.341229E+02	5.727799E-19
4.341411E+02	5.739398E-19
4.341593E+02	5.733373E-19
4.341774E+02	5.556370E-19
4.341956E+02	5.443133E-19
4.342138E+02	5.469656E-19
4.342320E+02	5.332190E-19
4.342502E+02	5.110409E-19
4.342684E+02	5.086806E-19
4.342866E+02	5.312158E-19
4.343048E+02	5.627544E-19
4.343230E+02	5.713806E-19
4.343412E+02	5.497429E-19
4.343593E+02	5.330928E-19
4.343775E+02	5.398672E-19
4.343957E+02	5.446734E-19
4.344140E+02	5.399162E-19
4.344322E+02	5.390248E-19
4.344504E+02	5.476529E-19
4.344686E+02	5.662676E-19
4.344868E+02	5.692842E-19
4.345050E+02	5.440679E-19
4.345232E+02	5.281258E-19
4.345414E+02	5.506460E-19
4.345596E+02	5.649706E-19
4.345778E+02	5.546153E-19
4.345961E+02	5.597099E-19
4.346143E+02	5.645417E-19
4.346325E+02	5.760845E-19
4.346507E+02	5.738919E-19
4.346689E+02	5.591100E-19
4.346872E+02	5.789677E-19
4.347054E+02	6.040554E-19
4.347236E+02	6.171583E-19
4.347419E+02	6.329126E-19
4.347601E+02	6.651113E-19
4.347783E+02	6.892069E-19
4.347966E+02	6.908322E-19
4.348148E+02	7.038955E-19
4.348330E+02	6.988736E-19
4.348513E+02	7.086958E-19
4.348695E+02	7.462169E-19
4.348877E+02	7.188821E-19
4.349060E+02	6.613166E-19
4.349242E+02	6.612161E-19
4.349425E+02	6.783612E-19
4.349607E+02	6.862068E-19
4.349790E+02	7.261456E-19
4.349972E+02	7.542741E-19
4.350155E+02	8.029338E-19
4.350337E+02	8.394920E-19
4.350520E+02	7.808644E-19
4.350702E+02	7.275901E-19
4.350885E+02	6.892082E-19
4.351068E+02	6.960846E-19
4.351250E+02	7.066234E-19
4.351433E+02	7.023678E-19
4.351616E+02	7.148261E-19
4.351798E+02	7.134069E-19
4.351981E+02	7.346714E-19
4.352164E+02	7.351086E-19
4.352346E+02	7.125006E-19
4.352529E+02	7.048097E-19
4.352712E+02	7.119213E-19
4.352895E+02	7.503457E-19
4.353077E+02	7.453770E-19
4.353260E+02	7.161626E-19
4.353443E+02	7.179200E-19
4.353626E+02	7.191544E-19
4.353809E+02	6.715252E-19
4.353991E+02	6.183796E-19
4.354174E+02	6.242850E-19
4.354357E+02	6.339201E-19
4.354540E+02	6.136547E-19
4.354723E+02	6.021022E-19
4.354906E+02	6.130071E-19
4.355089E+02	6.357702E-19
4.355272E+02	6.255232E-19
4.355455E+02	5.982323E-19
4.355638E+02	5.956177E-19
4.355821E+02	6.024429E-19
4.356004E+02	5.965944E-19
4.356187E+02	5.898013E-19
4.356370E+02	6.005057E-19
4.356553E+02	6.232362E-19
4.356736E+02	6.251829E-19
4.356919E+02	6.097329E-19
4.357102E+02	6.160207E-19
4.357285E+02	6.251772E-19
4.357468E+02	6.202289E-19
4.357652E+02	6.222355E-19
4.357835E+02	6.210142E-19
4.358018E+02	6.113137E-19
4.358201E+02	6.102544E-19
4.358384E+02	6.199171E-19
4.358568E+02	6.157134E-19
4.358751E+02	6.018048E-19
4.358934E+02	5.961333E-19
4.359117E+02	5.838681E-19
4.359301E+02	5.670576E-19
4.359484E+02	5.623807E-19
4.359667E+02	5.754188E-19
4.359851E+02	5.760374E-19
4.360034E+02	5.684008E-19
4.360217E+02	5.727903E-19
4.360401E+02	5.571075E-19
4.360584E+02	5.604960E-19
4.360768E+02	5.745184E-19
4.360951E+02	5.753090E-19
4.361135E+02	6.031213E-19
4.361318E+02	5.932386E-19
4.361501E+02	5.835743E-19
4.361685E+02	6.019277E-19
4.361868E+02	5.839015E-19
4.362052E+02	5.854568E-19
4.362236E+02	5.856655E-19
4.362419E+02	5.487186E-19
4.362603E+02	5.250254E-19
4.362786E+02	5.418563E-19
4.362970E+02	5.664633E-19
4.363153E+02	5.490827E-19
4.363337E+02	5.429206E-19
4.363521E+02	5.555899E-19
4.363704E+02	5.583448E-19
4.363888E+02	5.694333E-19
4.364072E+02	5.660222E-19
4.364256E+02	5.385466E-19
4.364439E+02	5.226622E-19
4.364623E+02	5.311082E-19
4.364807E+02	5.564702E-19
4.364991E+02	5.700887E-19
4.365174E+02	5.544045E-19
4.365358E+02	5.384531E-19
4.365542E+02	5.257519E-19
4.365726E+02	5.270286E-19
4.365910E+02	5.358529E-19
4.366093E+02	5.192638E-19
4.366277E+02	5.083090E-19
4.366461E+02	5.040508E-19
4.366645E+02	5.073767E-19
4.366829E+02	5.315259E-19
4.367013E+02	5.486633E-19
4.367197E+02	5.429110E-19
4.367381E+02	5.195008E-19
4.367565E+02	5.185923E-19
4.367749E+02	5.252277E-19
4.367933E+02	5.127233E-19
4.368117E+02	5.205951E-19
4.368301E+02	5.200570E-19
4.368485E+02	4.970716E-19
4.368669E+02	5.026018E-19
4.368853E+02	5.096251E-19
4.369037E+02	4.917843E-19
4.369222E+02	4.944966E-19
4.369406E+02	4.937521E-19
4.369590E+02	4.683973E-19
4.369774E+02	4.710675E-19
4.369958E+02	4.794653E-19
4.370142E+02	4.527305E-19
4.370327E+02	4.383269E-19
4.370511E+02	4.493294E-19
4.370695E+02	4.508055E-19
4.370879E+02	4.492935E-19
4.371064E+02	4.445192E-19
4.371248E+02	4.366126E-19
4.371432E+02	4.384074E-19
4.371617E+02	4.346932E-19
4.371801E+02	4.383712E-19
4.371985E+02	4.417973E-19
4.372170E+02	4.326277E-19
4.372354E+02	4.337343E-19
4.372539E+02	4.363466E-19
4.372723E+02	4.295140E-19
4.372907E+02	4.205814E-19
4.373092E+02	4.254521E-19
4.373276E+02	4.365731E-19
4.373461E+02	4.326734E-19
4.373645E+02	4.188045E-19
4.373830E+02	4.117025E-19
4.374014E+02	4.191668E-19
4.374199E+02	4.277820E-19
4.374384E+02	4.332133E-19
4.374568E+02	4.272010E-19
4.374753E+02	4.087457E-19
4.374937E+02	4.013476E-19
4.375122E+02	4.069869E-19
4.375307E+02	4.092167E-19
4.375491E+02	4.035654E-19
4.375676E+02	4.025346E-19
4.375861E+02	4.085916E-19
4.376045E+02	4.171510E-19
4.376230E+02	4.183466E-19
4.376415E+02	4.149129E-19
4.376600E+02	4.102801E-19
4.376784E+02	4.019040E-19
4.376969E+02	4.050384E-19
4.377154E+02	4.100169E-19
4.377339E+02	4.136885E-19
4.377524E+02	4.143533E-19
4.377708E+02	4.100036E-19
4.377893E+02	4.124653E-19
4.378078E+02	4.109430E-19
4.378263E+02	4.204921E-19
4.378448E+02	4.268655E-19
4.378633E+02	4.116283E-19
4.378818E+02	4.052789E-19
4.379003E+02	3.997598E-19
4.379188E+02	3.891562E-19
4.379373E+02	3.926095E-19
4.379558E+02	4.051915E-19
4.379743E+02	3.945820E-19
4.379928E+02	3.800924E-19
4.380113E+02	3.858990E-19
4.380298E+02	3.842508E-19
4.380483E+02	3.813335E-19
4.380668E+02	3.900980E-19
4.380853E+02	4.023717E-19
4.381038E+02	4.119688E-19
4.381223E+02	4.073327E-19
4.381409E+02	3.959117E-19
4.381594E+02	3.940794E-19
4.381779E+02	3.955556E-19
4.381964E+02	3.904404E-19
4.382149E+02	3.940322E-19
4.382335E+02	4.057117E-19
4.382520E+02	4.163973E-19
4.382705E+02	4.193863E-19
4.382890E+02	4.083150E-19
4.383076E+02	4.048381E-19
4.383261E+02	4.041476E-19
4.383446E+02	4.114554E-19
4.383632E+02	4.345810E-19
4.383817E+02	4.368873E-19
4.384002E+02	4.310289E-19
4.384188E+02	4.325753E-19
4.384373E+02	4.354628E-19
4.384559E+02	4.432318E-19
4.384744E+02	4.516093E-19
4.384930E+02	4.772578E-19
4.385115E+02	4.967773E-19
4.385301E+02	4.988970E-19
4.385486E+02	5.267787E-19
4.385672E+02	5.652773E-19
4.385857E+02	5.935349E-19
4.386043E+02	5.946284E-19
4.386228E+02	5.685130E-19
4.386414E+02	5.621333E-19
4.386599E+02	5.781153E-19
4.386785E+02	5.970208E-19
4.386971E+02	6.130080E-19
4.387156E+02	6.170030E-19
4.387342E+02	6.067820E-19
4.387528E+02	6.197299E-19
4.387713E+02	6.478970E-19
4.387899E+02	6.429784E-19
4.388085E+02	6.295249E-19
4.388270E+02	6.208630E-19
4.388456E+02	6.162878E-19
4.388642E+02	6.236615E-19
4.388828E+02	6.423789E-19
4.389014E+02	6.502384E-19
4.389199E+02	6.496957E-19
4.389385E+02	6.823067E-19
4.389571E+02	7.136682E-19
4.389757E+02	7.318367E-19
4.389943E+02	7.519880E-19
4.390129E+02	7.501081E-19
4.390315E+02	7.411878E-19
4.390501E+02	7.144604E-19
4.390686E+02	6.929583E-19
4.390872E+02	6.864485E-19
4.391058E+02	6.663132E-19
4.391244E+02	6.396088E-19
4.391430E+02	6.169795E-19
4.391616E+02	6.063011E-19
4.391802E+02	6.264845E-19
4.391989E+02	6.544074E-19
4.392175E+02	6.513739E-19
4.392361E+02	6.739255E-19
4.392547E+02	7.147000E-19
4.392733E+02	7.110972E-19
4.392919E+02	7.041515E-19
4.393105E+02	7.049540E-19
4.393291E+02	7.247475E-19
4.393478E+02	7.547009E-19
4.393664E+02	7.390115E-19
4.393850E+02	7.258952E-19
4.394036E+02	7.499998E-19
4.394222E+02	7.382470E-19
4.394409E+02	7.019797E-19
4.394595E+02	6.924356E-19
4.394781E+02	6.834197E-19
4.394968E+02	6.796164E-19
4.395154E+02	6.720069E-19
4.395340E+02	6.590682E-19
4.395527E+02	6.590583E-19
4.395713E+02	6.723838E-19
4.395899E+02	6.908959E-19
4.396086E+02	6.707331E-19
4.396272E+02	6.477143E-19
4.396459E+02	6.365014E-19
4.396645E+02	6.237178E-19
4.396831E+02	6.257684E-19
4.397018E+02	6.050082E-19
4.397204E+02	5.787784E-19
4.397391E+02	5.742927E-19
4.397577E+02	5.776063E-19
4.397764E+02	5.839586E-19
4.397951E+02	5.869057E-19
4.398137E+02	5.910341E-19
4.398324E+02	5.918869E-19
4.398510E+02	6.025248E-19
4.398697E+02	6.341530E-19
4.398884E+02	6.493265E-19
4.399070E+02	6.272581E-19
4.399257E+02	5.929357E-19
4.399444E+02	5.690314E-19
4.399630E+02	5.673165E-19
4.399817E+02	5.843743E-19
4.400004E+02	5.953241E-19
4.400191E+02	6.076122E-19
4.400377E+02	6.271285E-19
4.400564E+02	6.183248E-19
4.400751E+02	5.926658E-19
4.400938E+02	5.784800E-19
4.401125E+02	5.863131E-19
4.401311E+02	6.005045E-19
4.401498E+02	5.933127E-19
4.401685E+02	5.819073E-19
4.401872E+02	5.757779E-19
4.402059E+02	5.561034E-19
4.402246E+02	5.266815E-19
4.402433E+02	5.217239E-19
4.402620E+02	5.211731E-19
4.402807E+02	4.975645E-19
4.402994E+02	4.855086E-19
4.403181E+02	4.741817E-19
4.403368E+02	4.687564E-19
4.403555E+02	4.784178E-19
4.403742E+02	4.856067E-19
4.403929E+02	4.982131E-19
4.404116E+02	4.761899E-19
4.404303E+02	4.490809E-19
4.404490E+02	4.474168E-19
4.404677E+02	4.316919E-19
4.404864E+02	4.249993E-19
4.405052E+02	4.297788E-19
4.405239E+02	4.263132E-19
4.405426E+02	4.177132E-19
4.405613E+02	4.180917E-19
4.405800E+02	4.414074E-19
4.405988E+02	4.559476E-19
4.406175E+02	4.437733E-19
4.406362E+02	4.356086E-19
4.406549E+02	4.464879E-19
4.406737E+02	4.511415E-19
4.406924E+02	4.531759E-19
4.407111E+02	4.624375E-19
4.407299E+02	4.494170E-19
4.407486E+02	4.294332E-19
4.407674E+02	4.188814E-19
4.407861E+02	4.151434E-19
4.408048E+02	4.166965E-19
4.408236E+02	4.186778E-19
4.408423E+02	4.181376E-19
4.408611E+02	4.266667E-19
4.408798E+02	4.447559E-19
4.408986E+02	4.405409E-19
4.409173E+02	4.389151E-19
4.409361E+02	4.413648E-19
4.409548E+02	4.261758E-19
4.409736E+02	4.315738E-19
4.409923E+02	4.509940E-19
4.410111E+02	4.469372E-19
4.410299E+02	4.285738E-19
4.410486E+02	4.276633E-19
4.410674E+02	4.348189E-19
4.410862E+02	4.412129E-19
4.411049E+02	4.515857E-19
4.411237E+02	4.451349E-19
4.411425E+02	4.388241E-19
4.411612E+02	4.387225E-19
4.411800E+02	4.383603E-19
4.411988E+02	4.395654E-19
4.412176E+02	4.288863E-19
4.412363E+02	4.140437E-19
4.412551E+02	4.035012E-19
4.412739E+02	3.966976E-19
4.412927E+02	3.915889E-19
4.413115E+02	3.962626E-19
4.413303E+02	4.053570E-19
4.413490E+02	3.987306E-19
4.413678E+02	3.897002E-19
4.413866E+02	3.899992E-19
4.414054E+02	3.912109E-19
4.414242E+02	3.887004E-19
4.414430E+02	3.831405E-19
4.414618E+02	3.761049E-19
4.414806E+02	3.724283E-19
4.414994E+02	3.706092E-19
4.415182E+02	3.682242E-19
4.415370E+02	3.699646E-19
4.415558E+02	3.732014E-19
4.415746E+02	3.740469E-19
4.415934E+02	3.800051E-19
4.416122E+02	3.803997E-19
4.416311E+02	3.661858E-19
4.416499E+02	3.754940E-19
4.416687E+02	3.922096E-19
4.416875E+02	3.877958E-19
4.417063E+02	3.936806E-19
4.417251E+02	3.838211E-19
4.417440E+02	3.648167E-19
4.417628E+02	3.680424E-19
4.417816E+02	3.741120E-19
4.418004E+02	3.682698E-19
4.418193E+02	3.522567E-19
4.418381E+02	3.468436E-19
4.418569E+02	3.469439E-19
4.418758E+02	3.500971E-19
4.418946E+02	3.590542E-19
4.419134E+02	3.514618E-19
4.419323E+02	3.424531E-19
4.419511E+02	3.460157E-19
4.419699E+02	3.483738E-19
4.419888E+02	3.528305E-19
4.420076E+02	3.610370E-19
4.420265E+02	3.583448E-19
4.420453E+02	3.614447E-19
4.420642E+02	3.819629E-19
4.420830E+02	4.099838E-19
4.421019E+02	4.324653E-19
4.421207E+02	4.203243E-19
4.421396E+02	4.030548E-19
4.421584E+02	3.958908E-19
4.421773E+02	3.930135E-19
4.421962E+02	4.075713E-19
4.422150E+02	4.152550E-19
4.422339E+02	4.111083E-19
4.422527E+02	4.044181E-19
4.422716E+02	3.966403E-19
4.422905E+02	3.875953E-19
4.423094E+02	3.757141E-19
4.423282E+02	3.729467E-19
4.423471E+02	3.818546E-19
4.423660E+02	3.970397E-19
4.423848E+02	3.992954E-19
4.424037E+02	3.891104E-19
4.424226E+02	3.800669E-19
4.424415E+02	3.818920E-19
4.424604E+02	4.005862E-19
4.424793E+02	4.119235E-19
4.424981E+02	4.046073E-19
4.425170E+02	3.930170E-19
4.425359E+02	3.976556E-19
4.425548E+02	4.020282E-19
4.425737E+02	3.905589E-19
4.425926E+02	3.932914E-19
4.426115E+02	3.953932E-19
4.426304E+02	3.938459E-19
4.426493E+02	4.018855E-19
4.426682E+02	4.034268E-19
4.426871E+02	4.041248E-19
4.427060E+02	4.040057E-19
4.427249E+02	4.146095E-19
4.427438E+02	4.244706E-19
4.427627E+02	4.161104E-19
4.427816E+02	4.308003E-19
4.428005E+02	4.470498E-19
4.428194E+02	4.394387E-19
4.428384E+02	4.364870E-19
4.428573E+02	4.372660E-19
4.428762E+02	4.398656E-19
4.428951E+02	4.285425E-19
4.429140E+02	4.178692E-19
4.429330E+02	4.288100E-19
4.429519E+02	4.445656E-19
4.429708E+02	4.445383E-19
4.429897E+02	4.265041E-19
4.430087E+02	4.197296E-19
4.430276E+02	4.243354E-19
4.430465E+02	4.413333E-19
4.430655E+02	4.526456E-19
4.430844E+02	4.387350E-19
4.431033E+02	4.309774E-19
4.431223E+02	4.178568E-19
4.431412E+02	4.185900E-19
4.431602E+02	4.276179E-19
4.431791E+02	4.167410E-19
4.431981E+02	4.168160E-19
4.432170E+02	4.208985E-19
4.432360E+02	4.291778E-19
4.432549E+02	4.336970E-19
4.432739E+02	4.289459E-19
4.432928E+02	4.298315E-19
4.433118E+02	4.252887E-19
4.433307E+02	4.348592E-19
4.433497E+02	4.552171E-19
4.433686E+02	4.627732E-19
4.433876E+02	4.738452E-19
4.434066E+02	4.852663E-19
4.434255E+02	4.691676E-19
4.434445E+02	4.465070E-19
4.434635E+02	4.408761E-19
4.434824E+02	4.420302E-19
4.435014E+02	4.514019E-19
4.435204E+02	4.628387E-19
4.435394E+02	4.677369E-19
4.435583E+02	4.634011E-19
4.435773E+02	4.524823E-19
4.435963E+02	4.495774E-19
4.436153E+02	4.569213E-19
4.436343E+02	4.642668E-19
4.436532E+02	4.671284E-19
4.436722E+02	4.747694E-19
4.436912E+02	4.686271E-19
4.437102E+02	4.439994E-19
4.437292E+02	4.390373E-19
4.437482E+02	4.579187E-19
4.437672E+02	4.541084E-19
4.437862E+02	4.318152E-19
4.438052E+02	4.343468E-19
4.438242E+02	4.442100E-19
4.438432E+02	4.554097E-19
4.438622E+02	4.605454E-19
4.438812E+02	4.528614E-19
4.439002E+02	4.537097E-19
4.439192E+02	4.440426E-19
4.439382E+02	4.331351E-19
4.439572E+02	4.358867E-19
4.439762E+02	4.445065E-19
4.439952E+02	4.537111E-19
4.440143E+02	4.666544E-19
4.440333E+02	4.906189E-19
4.440523E+02	5.064955E-19
4.440713E+02	4.942477E-19
4.440903E+02	4.767455E-19
4.441094E+02	4.987194E-19
4.441284E+02	5.120298E-19
4.441474E+02	4.966768E-19
4.441664E+02	4.973605E-19
4.441855E+02	4.961959E-19
4.442045E+02	5.140681E-19
4.442235E+02	5.204982E-19
4.442426E+02	5.216411E-19
4.442616E+02	5.582307E-19
4.442806E+02	5.792253E-19
4.442997E+02	5.891528E-19
4.443187E+02	5.677695E-19
4.443378E+02	5.360203E-19
4.443568E+02	5.335491E-19
4.443759E+02	5.286861E-19
4.443949E+02	5.198519E-19
4.444140E+02	5.207768E-19
4.444330E+02	5.360607E-19
4.444521E+02	5.419500E-19
4.444711E+02	5.397364E-19
4.444902E+02	5.507871E-19
4.445092E+02	5.686517E-19
4.445283E+02	5.840271E-19
4.445474E+02	5.848427E-19
4.445664E+02	5.952048E-19
4.445855E+02	6.461052E-19
4.446046E+02	7.000681E-19
4.446236E+02	7.053877E-19
4.446427E+02	6.883202E-19
4.446618E+02	6.531181E-19
4.446808E+02	6.236114E-19
4.446999E+02	6.170509E-19
4.447190E+02	6.313208E-19
4.447381E+02	6.651335E-19
4.447571E+02	6.690687E-19
4.447762E+02	6.886060E-19
4.447953E+02	7.444713E-19
4.448144E+02	7.434221E-19
4.448335E+02	6.950369E-19
4.448526E+02	6.792453E-19
4.448717E+02	6.930267E-19
4.448907E+02	6.688886E-19
4.449098E+02	6.704730E-19
4.449289E+02	6.849761E-19
4.449480E+02	6.537107E-19
4.449671E+02	6.462470E-19
4.449862E+02	6.294916E-19
4.450053E+02	6.045399E-19
4.450244E+02	6.080731E-19
4.450435E+02	6.127305E-19
4.450626E+02	6.109480E-19
4.450817E+02	6.097478E-19
4.451008E+02	6.054156E-19
4.451200E+02	6.086201E-19
4.451391E+02	6.109729E-19
4.451582E+02	5.858382E-19
4.451773E+02	5.938408E-19
4.451964E+02	6.011129E-19
4.452155E+02	5.528701E-19
4.452347E+02	5.594158E-19
4.452538E+02	5.837360E-19
4.452729E+02	5.395522E-19
4.452920E+02	5.142740E-19
4.453112E+02	5.281287E-19
4.453303E+02	5.409208E-19
4.453494E+02	5.497994E-19
4.453685E+02	5.546148E-19
4.453877E+02	5.569432E-19
4.454068E+02	5.559210E-19
4.454259E+02	5.409836E-19
4.454451E+02	5.277810E-19
4.454642E+02	5.204087E-19
4.454834E+02	5.187712E-19
4.455025E+02	5.286411E-19
4.455217E+02	5.454826E-19
4.455408E+02	5.555002E-19
4.455600E+02	5.341067E-19
4.455791E+02	5.151719E-19
4.455983E+02	5.196029E-19
4.456174E+02	5.152499E-19
4.456366E+02	5.097422E-19
4.456557E+02	5.149990E-19
4.456749E+02	5.222468E-19
4.456940E+02	5.281700E-19
4.457132E+02	5.171657E-19
4.457324E+02	4.950408E-19
4.457515E+02	4.812798E-19
4.457707E+02	4.746450E-19
4.457899E+02	4.790052E-19
4.458090E+02	4.902382E-19
4.458282E+02	4.958125E-19
4.458474E+02	4.996112E-19
4.458665E+02	4.971923E-19
4.458857E+02	4.973435E-19
4.459049E+02	4.978801E-19
4.459241E+02	4.751874E-19
4.459433E+02	4.662220E-19
4.459624E+02	4.787193E-19
4.459816E+02	4.702195E-19
4.460008E+02	4.647019E-19
4.460200E+02	4.741290E-19
4.460392E+02	4.723472E-19
4.460584E+02	4.677595E-19
4.460776E+02	4.701139E-19
4.460968E+02	4.902475E-19
4.461160E+02	5.157423E-19
4.461352E+02	5.128636E-19
4.461544E+02	4.962418E-19
4.461736E+02	4.779126E-19
4.461928E+02	4.647279E-19
4.462120E+02	4.653593E-19
4.462312E+02	4.604332E-19
4.462504E+02	4.483751E-19
4.462696E+02	4.366284E-19
4.462888E+02	4.190309E-19
4.463080E+02	4.110029E-19
4.463272E+02	4.161091E-19
4.463464E+02	4.224455E-19
4.463657E+02	4.303951E-19
4.463849E+02	4.324595E-19
4.464041E+02	4.254553E-19
4.464233E+02	4.106813E-19
4.464426E+02	3.945235E-19
4.464618E+02	3.942696E-19
4.464810E+02	4.094282E-19
4.465002E+02	4.139309E-19
4.465195E+02	4.028183E-19
4.465387E+02	4.047844E-19
4.465579E+02	4.105347E-19
4.465772E+02	4.099852E-19
4.465964E+02	4.146876E-19
4.466156E+02	4.113893E-19
4.466349E+02	4.092756E-19
4.466541E+02	4.079492E-19
4.466734E+02	3.929630E-19
4.466926E+02	3.912691E-19
4.467119E+02	4.078241E-19
4.467311E+02	4.030775E-19
4.467504E+02	3.841527E-19
4.467696E+02	3.927158E-19
4.467889E+02	4.172270E-19
4.468081E+02	4.270209E-19
4.468274E+02	4.121992E-19
4.468466E+02	3.941873E-19
4.468659E+02	4.020311E-19
4.468852E+02	4.160008E-19
4.469044E+02	4.179194E-19
4.469237E+02	4.161632E-19
4.469430E+02	4.186040E-19
4.469622E+02	4.391755E-19
4.469815E+02	4.596752E-19
4.470008E+02	4.470347E-19
4.470200E+02	4.256827E-19
4.470393E+02	4.320724E-19
4.470586E+02	4.394935E-19
4.470779E+02	4.249398E-19
4.470972E+02	4.238405E-19
4.471164E+02	4.294888E-19
4.471357E+02	4.371524E-19
4.471550E+02	4.522369E-19
4.471743E+02	4.397678E-19
4.471936E+02	4.329097E-19
4.472129E+02	4.398736E-19
4.472322E+02	4.374253E-19
4.472515E+02	4.591782E-19
4.472708E+02	4.813419E-19
4.472901E+02	4.822030E-19
4.473094E+02	4.710129E-19
4.473287E+02	4.562621E-19
4.473480E+02	4.706402E-19
4.473673E+02	4.809388E-19
4.473866E+02	4.834968E-19
4.474059E+02	5.078661E-19
4.474252E+02	5.111428E-19
4.474445E+02	5.074862E-19
4.474638E+02	5.333240E-19
4.474831E+02	5.460773E-19
4.475024E+02	5.485775E-19
4.475218E+02	5.550229E-19
4.475411E+02	5.421267E-19
4.475604E+02	5.612278E-19
4.475797E+02	6.026638E-19
4.475990E+02	6.273704E-19
4.476184E+02	6.355465E-19
4.476377E+02	6.046559E-19
4.476570E+02	6.068766E-19
4.476764E+02	6.256622E-19
4.476957E+02	6.167059E-19
4.477150E+02	6.089118E-19
4.477344E+02	6.079637E-19
4.477537E+02	6.311525E-19
4.477730E+02	6.456461E-19
4.477924E+02	6.648158E-19
4.478117E+02	6.661348E-19
4.478311E+02	6.489114E-19
4.478504E+02	6.865474E-19
4.478697E+02	7.076142E-19
4.478891E+02	7.403229E-19
4.479084E+02	7.966188E-19
4.479278E+02	7.602354E-19
4.479472E+02	7.405282E-19
4.479665E+02	7.514581E-19
4.479859E+02	7.281708E-19
4.480052E+02	7.043924E-19
4.480246E+02	6.997009E-19
4.480439E+02	7.236858E-19
4.480633E+02	7.732159E-19
4.480827E+02	7.623888E-19
4.481020E+02	7.260923E-19
4.481214E+02	7.235813E-19
4.481408E+02	6.945431E-19
4.481602E+02	6.884730E-19
4.481795E+02	7.290851E-19
4.481989E+02	7.463335E-19
4.482183E+02	7.401772E-19
4.482377E+02	7.353106E-19
4.482570E+02	7.316268E-19
4.482764E+02	7.178608E-19
4.482958E+02	7.225169E-19
4.483152E+02	7.391516E-19
4.483346E+02	7.126511E-19
4.483540E+02	6.696939E-19
4.483734E+02	6.260833E-19
4.483928E+02	6.072049E-19
4.484122E+02	6.297960E-19
4.484315E+02	6.380694E-19
4.484509E+02	6.272317E-19
4.484703E+02	6.236506E-19
4.484897E+02	6.079897E-19
4.485091E+02	5.900257E-19
4.485286E+02	5.805659E-19
4.485480E+02	5.661167E-19
4.485674E+02	5.393057E-19
4.485868E+02	5.136944E-19
4.486062E+02	5.094545E-19
4.486256E+02	5.193667E-19
4.486450E+02	5.198949E-19
4.486644E+02	5.125897E-19
4.486838E+02	5.088603E-19
4.487033E+02	5.131168E-19
4.487227E+02	5.215464E-19
4.487421E+02	5.220849E-19
4.487615E+02	5.297208E-19
4.487810E+02	5.503669E-19
4.488004E+02	5.517100E-19
4.488198E+02	5.413708E-19
4.488392E+02	5.510092E-19
4.488587E+02	5.571699E-19
4.488781E+02	5.451458E-19
4.488976E+02	5.376150E-19
4.489170E+02	5.180857E-19
4.489364E+02	4.955234E-19
4.489559E+02	4.839731E-19
4.489753E+02	4.792791E-19
4.489948E+02	4.867868E-19
4.490142E+02	4.868185E-19
4.490337E+02	4.957105E-19
4.490531E+02	5.018396E-19
4.490726E+02	4.757232E-19
4.490920E+02	4.584511E-19
4.491115E+02	4.527785E-19
4.491309E+02	4.572595E-19
4.491504E+02	4.702525E-19
4.491698E+02	4.806884E-19
4.491893E+02	4.867519E-19
4.492088E+02	4.722058E-19
4.492282E+02	4.612220E-19
4.492477E+02	4.725984E-19
4.492672E+02	4.726743E-19
4.492866E+02	4.553866E-19
4.493061E+02	4.601290E-19
4.493256E+02	4.757299E-19
4.493450E+02	4.829005E-19
4.493645E+02	4.834278E-19
4.493840E+02	4.625519E-19
4.494035E+02	4.485529E-19
4.494230E+02	4.413189E-19
4.494424E+02	4.276035E-19
4.494619E+02	4.219824E-19
4.494814E+02	4.195737E-19
4.495009E+02	4.139387E-19
4.495204E+02	4.100982E-19
4.495399E+02	4.236060E-19
4.495594E+02	4.410092E-19
4.495789E+02	4.405111E-19
4.495984E+02	4.302022E-19
4.496179E+02	4.252022E-19
4.496374E+02	4.278873E-19
4.496569E+02	4.175238E-19
4.496764E+02	4.022958E-19
4.496959E+02	4.005021E-19
4.497154E+02	3.973321E-19
4.497349E+02	3.909462E-19
4.497544E+02	4.041448E-19
4.497739E+02	4.077827E-19
4.497934E+02	3.911177E-19
4.498130E+02	3.950303E-19
4.498325E+02	3.959101E-19
4.498520E+02	3.883831E-19
4.498715E+02	3.896520E-19
4.498910E+02	3.947000E-19
4.499106E+02	3.977652E-19
4.499301E+02	3.898448E-19
4.499496E+02	3.910785E-19
4.499691E+02	3.973016E-19
4.499887E+02	4.008312E-19